step,system_total_running,system_total_backlogged,system_total_stopped,system_total_arrived,system_total_departed,system_total_teleported,system_total_waiting_time,system_mean_waiting_time,system_mean_speed,TL_stopped,TL_accumulated_waiting_time,TL_average_speed,agents_total_stopped,agents_total_accumulated_waiting_time
0.0,0,0,0,0,0,0,0.0,0.0,0.0,0,0.0,1.0,0,0.0
5.0,0,0,0,0,0,0,0.0,0.0,0.0,0,0.0,1.0,0,0.0
10.0,0,0,0,0,0,0,0.0,0.0,0.0,0,0.0,1.0,0,0.0
15.0,2,0,0,0,2,0,0.0,0.0,11.862148140033241,0,0.0,0.7984008548176378,0,0.0
20.0,2,0,0,0,2,0,0.0,0.0,14.818294925218037,0,0.0,0.9974674745499776,0,0.0
25.0,2,0,0,0,2,0,0.0,0.0,14.47795477795746,0,0.0,0.974672636991817,0,0.0
30.0,3,0,0,0,3,0,0.0,0.0,13.769937680187462,0,0.0,0.9774357340183979,0,0.0
35.0,4,0,0,0,4,0,0.0,0.0,13.227181981352029,0,0.0,0.92080046013621,0,0.0
40.0,5,0,0,0,5,0,0.0,0.0,13.838429331842429,0,0.0,0.9848841856263995,0,0.0
45.0,6,0,0,0,6,0,0.0,0.0,13.368754823015118,0,0.0,0.9821261113944608,0,0.0
50.0,6,0,0,0,6,0,0.0,0.0,13.336531433395313,0,0.0,0.9794575667650065,0,0.0
55.0,8,0,0,0,8,0,0.0,0.0,12.872771656826174,0,0.0,0.9316105143386603,0,0.0
60.0,10,0,0,0,10,0,0.0,0.0,13.145884398079215,0,0.0,0.9427044340167974,0,0.0
65.0,12,0,0,0,12,0,0.0,0.0,13.407545251426702,0,0.0,0.9534376865668309,0,0.0
70.0,12,0,1,0,12,0,2.0,0.16666666666666666,12.673752087133977,1,2.0,0.8956025839451026,1,2.0
75.0,14,0,1,0,14,0,7.0,0.5,12.645182116807137,1,7.0,0.9027991105472564,1,7.0
80.0,14,0,1,0,14,0,12.0,0.8571428571428571,12.664895991959323,1,12.0,0.903965499452133,1,12.0
85.0,16,0,1,0,16,0,17.0,1.0625,11.58757725303817,1,17.0,0.8277016408219412,1,17.0
90.0,16,0,2,0,16,0,27.0,1.6875,11.895143001122783,2,27.0,0.8431147800076341,2,27.0
95.0,20,0,2,0,20,0,37.0,1.85,11.682169968209383,2,37.0,0.8430013807100708,2,37.0
100.0,24,0,2,0,24,0,47.0,1.9583333333333333,11.843238733235331,2,47.0,0.8400498846290655,2,47.0
105.0,27,0,3,0,27,0,58.0,2.1481481481481484,11.80591253403372,3,58.0,0.8414292943436031,3,58.0
110.0,29,0,4,0,29,0,75.0,2.586206896551724,10.997712690530424,4,75.0,0.7766019611854464,4,75.0
115.0,29,0,6,0,29,0,103.0,3.5517241379310347,10.76250792836895,6,103.0,0.745306479521075,6,103.0
120.0,29,0,6,1,30,0,133.0,4.586206896551724,10.217622740997736,6,133.0,0.7212042039891595,6,133.0
125.0,33,0,6,1,34,0,163.0,4.9393939393939394,10.700101247519164,6,163.0,0.7539771741943906,6,163.0
130.0,34,0,6,1,35,0,193.0,5.676470588235294,10.299054856927384,6,193.0,0.7021515960413753,6,193.0
135.0,37,0,8,1,38,0,233.0,6.297297297297297,10.447274949759919,8,233.0,0.7211442168148762,8,233.0
140.0,40,0,9,1,41,0,276.0,6.9,10.292646000914901,9,276.0,0.713753825955329,9,276.0
145.0,42,0,9,1,43,0,321.0,7.642857142857143,10.469455395741871,9,321.0,0.725703240161411,9,321.0
150.0,46,0,9,1,47,0,366.0,7.956521739130435,9.982776918140392,9,366.0,0.6884553254514403,9,366.0
155.0,46,0,14,2,48,0,426.0,9.26086956521739,9.17737303638575,14,426.0,0.6292623688561008,14,426.0
160.0,52,0,17,3,55,0,502.0,9.653846153846153,8.375499895349595,17,502.0,0.5666403969559404,17,502.0
165.0,54,0,18,4,58,0,592.0,10.962962962962964,8.62004054194108,18,592.0,0.5962711855052145,18,592.0
170.0,57,0,19,4,61,0,685.0,12.017543859649123,8.63252616293279,19,685.0,0.5828993652042148,19,685.0
175.0,62,0,20,4,66,0,783.0,12.629032258064516,8.725968977306257,20,783.0,0.5926174037688064,20,783.0
180.0,68,0,21,4,72,0,887.0,13.044117647058824,8.863906193249901,21,887.0,0.6111858969173856,21,887.0
185.0,69,0,22,6,75,0,995.0,14.420289855072463,9.022151142053975,22,995.0,0.6323879602933389,22,995.0
190.0,76,0,23,6,82,0,1106.0,14.552631578947368,9.002094280893852,23,1106.0,0.6188357129255326,23,1106.0
195.0,81,0,25,6,87,0,1227.0,15.148148148148149,9.09684844609715,25,1227.0,0.629395461169693,25,1227.0
200.0,83,0,26,7,90,0,1354.0,16.313253012048193,8.962821629357103,26,1354.0,0.6206499214380842,26,1354.0
205.0,83,0,28,8,91,0,1489.0,17.93975903614458,8.83158871384689,28,1489.0,0.6013091182107972,28,1489.0
210.0,86,0,30,8,94,0,1631.0,18.96511627906977,8.711151831279311,30,1631.0,0.5690151031005174,30,1631.0
215.0,91,3,30,8,99,0,1781.0,19.571428571428573,8.939019638145053,30,1781.0,0.5899834747456808,30,1781.0
220.0,101,0,31,8,109,0,1932.0,19.128712871287128,9.137300297633564,31,1932.0,0.593742785816392,31,1932.0
225.0,104,0,33,9,113,0,2090.0,20.096153846153847,9.143961567932108,33,2090.0,0.5842917096319349,33,2090.0
230.0,108,0,33,11,119,0,2255.0,20.87962962962963,9.238867312547148,33,2255.0,0.5862985104574455,33,2255.0
235.0,115,0,35,11,126,0,2427.0,21.104347826086958,9.301164030821303,35,2427.0,0.5915536314684814,35,2427.0
240.0,120,0,35,12,132,0,2602.0,21.683333333333334,9.378854558811971,35,2602.0,0.5904979228487277,35,2602.0
245.0,122,0,39,13,135,0,2787.0,22.84426229508197,9.192243629313797,39,2787.0,0.5583086063099706,39,2787.0
250.0,127,0,40,15,142,0,2985.0,23.503937007874015,9.154604960768708,40,2985.0,0.5489198003404991,40,2985.0
255.0,129,0,41,15,144,0,3190.0,24.728682170542637,9.251476359786741,41,3190.0,0.5495740865013562,41,3190.0
260.0,136,0,42,15,151,0,3400.0,25.0,9.41114676182167,42,3400.0,0.5671504046796784,42,3400.0
265.0,138,0,42,18,156,0,3610.0,26.159420289855074,9.184424148918085,42,3610.0,0.5481763346285621,42,3610.0
270.0,140,0,46,20,160,0,3833.0,27.37857142857143,8.794548356796895,46,3833.0,0.5097232523848224,46,3833.0
275.0,144,0,51,24,168,0,4082.0,28.34722222222222,8.648470955846038,51,4082.0,0.5034407983371327,51,4082.0
280.0,144,0,52,28,172,0,4342.0,30.15277777777778,8.666463437927336,52,4342.0,0.5186050392103588,52,4342.0
285.0,151,0,56,30,181,0,4609.0,30.52317880794702,8.41315791460879,56,4609.0,0.4849091527568622,56,4609.0
290.0,154,0,59,34,188,0,4894.0,31.77922077922078,8.215560227908542,59,4894.0,0.4894074128339448,59,4894.0
295.0,159,0,61,34,193,0,5195.0,32.672955974842765,8.118359047658886,61,5195.0,0.4724855157852585,61,5195.0
300.0,159,0,65,39,198,0,5515.0,34.685534591194966,7.958875655234919,65,5515.0,0.4617542554836063,65,5515.0
305.0,162,0,66,41,203,0,5844.0,36.074074074074076,8.028320430051396,66,5844.0,0.47016773140065155,66,5844.0
310.0,163,0,66,44,207,0,6174.0,37.877300613496935,8.052548152769251,66,6174.0,0.4712005773139,66,6174.0
315.0,163,0,69,48,211,0,6509.0,39.93251533742331,7.704268155599845,69,6509.0,0.4398885303082076,69,6509.0
320.0,164,0,71,52,216,0,6860.0,41.829268292682926,7.567984210101291,71,6860.0,0.43013823199062545,71,6860.0
325.0,165,0,73,56,221,0,7222.0,43.76969696969697,7.442406802361595,73,7222.0,0.41429744839782084,73,7222.0
330.0,166,0,76,59,225,0,7595.0,45.75301204819277,7.228496346817479,76,7595.0,0.4027142583014934,76,7595.0
335.0,173,0,79,62,235,0,7984.0,46.15028901734104,7.2088131844503245,79,7984.0,0.40453495122226,79,7984.0
340.0,182,0,83,62,244,0,8389.0,46.09340659340659,7.251935394164138,83,8389.0,0.4112731531460559,83,8389.0
345.0,186,0,86,66,252,0,8810.0,47.365591397849464,7.108751078935914,86,8810.0,0.3982796045781922,86,8810.0
350.0,191,0,88,67,258,0,9245.0,48.403141361256544,7.219664968853786,88,9245.0,0.40618081433808667,88,9245.0
355.0,195,0,92,71,266,0,9690.0,49.69230769230769,7.00877122984299,92,9690.0,0.3925452133978202,92,9690.0
360.0,200,0,93,73,273,0,10153.0,50.765,7.059612756496239,93,10153.0,0.40374231647640757,93,10153.0
365.0,207,0,96,76,283,0,10627.0,51.33816425120773,6.977804682891265,96,10627.0,0.40964877355132,96,10627.0
370.0,209,0,103,78,287,0,11125.0,53.229665071770334,6.749262404299779,103,11125.0,0.38538820497619936,103,11125.0
375.0,209,0,108,83,292,0,11651.0,55.74641148325359,6.499719134051987,108,11651.0,0.3763054899644678,108,11651.0
380.0,209,1,108,87,296,0,12191.0,58.33014354066986,6.4123435133756255,108,12191.0,0.38226382797175595,108,12191.0
385.0,211,0,103,93,304,0,11097.0,52.59241706161137,6.419441903323371,103,12729.0,0.40324860589860545,103,12729.0
390.0,217,0,78,94,311,0,6188.0,28.516129032258064,6.474814004598393,78,10374.0,0.4151329491360311,78,10374.0
395.0,225,0,69,96,321,0,3875.0,17.22222222222222,6.296370089881905,69,10733.0,0.3962490805158372,69,10733.0
400.0,228,1,68,98,326,0,2082.0,9.131578947368421,6.178039994516676,68,10347.0,0.3819313635914966,68,10347.0
405.0,229,0,74,105,334,0,2010.0,8.777292576419214,5.8350384600199,74,10712.0,0.3612612036983682,74,10712.0
410.0,231,0,86,107,338,0,2255.0,9.761904761904763,5.569498388351208,86,10995.0,0.3442589407361783,86,10995.0
415.0,235,0,107,108,343,0,2740.0,11.659574468085106,5.791084324891586,107,11455.0,0.34159780574390075,107,11455.0
420.0,242,0,115,109,351,0,3298.0,13.62809917355372,6.190195769336003,115,11962.0,0.3522245519966311,115,11962.0
425.0,251,1,116,111,362,0,3877.0,15.44621513944223,6.675978193558878,116,12517.0,0.3710214794650618,116,12517.0
430.0,255,0,120,114,369,0,4471.0,17.533333333333335,6.719131656427893,120,13110.0,0.3572315145521415,120,13110.0
435.0,267,1,130,115,382,0,5100.0,19.10112359550562,6.627382068362106,130,13739.0,0.3461632610989729,130,13739.0
440.0,279,1,135,116,395,0,5766.0,20.666666666666668,6.743834953759592,135,14405.0,0.35712747431685965,135,14405.0
445.0,289,2,138,117,406,0,6450.0,22.31833910034602,6.852772062604672,138,15092.0,0.3662682577942205,138,15092.0
450.0,298,1,141,121,419,0,7147.0,23.983221476510067,6.90532093424116,141,15789.0,0.3829275466088701,141,15789.0
455.0,303,1,145,126,429,0,7864.0,25.953795379537954,6.872474069900095,145,16506.0,0.3861318598304055,145,16506.0
460.0,310,0,148,128,438,0,8600.0,27.741935483870968,6.9057618434201045,148,17242.0,0.3887458650794871,148,17242.0
465.0,314,0,152,131,445,0,9350.0,29.777070063694268,6.777689095947538,152,17992.0,0.38229977022396927,152,17992.0
470.0,317,0,155,137,454,0,10119.0,31.9211356466877,6.536397124323738,155,18763.0,0.3706853634496163,155,18763.0
475.0,320,2,163,147,467,0,10921.0,34.128125,6.260354883892293,163,19565.0,0.3699230062298548,163,19565.0
480.0,331,0,171,154,485,0,11762.0,35.53474320241692,6.16398525772275,171,20406.0,0.3725063453227714,171,20406.0
485.0,330,2,178,165,495,0,12640.0,38.303030303030305,6.025895349250489,178,21284.0,0.36936532143158257,178,21284.0
490.0,337,0,181,166,503,0,13538.0,40.17210682492582,5.984016946326242,181,22182.0,0.36197569167174,181,22182.0
495.0,340,0,186,173,513,0,14459.0,42.52647058823529,5.8942357685503195,186,23103.0,0.35350492967020886,186,23103.0
500.0,341,1,191,176,517,0,15402.0,45.16715542521994,5.754171982472513,191,24046.0,0.33206580661419854,191,24046.0
505.0,345,1,197,181,526,0,16376.0,47.46666666666667,5.600556694261109,197,25020.0,0.31701054101042264,197,25020.0
510.0,356,1,199,183,539,0,17366.0,48.78089887640449,5.707987129204246,199,26010.0,0.32399473719981803,199,26010.0
515.0,366,0,203,184,550,0,18375.0,50.204918032786885,5.702961495031622,203,27019.0,0.31603368431117573,203,27019.0
520.0,370,0,212,188,558,0,19417.0,52.47837837837838,5.516129107368609,212,28061.0,0.29579989073110596,212,28061.0
525.0,375,0,221,190,565,0,20499.0,54.664,5.293807519308021,221,29143.0,0.2819895380670865,221,29143.0
530.0,385,1,229,193,578,0,21628.0,56.176623376623375,5.255898609391557,229,30272.0,0.27729384419880715,229,30272.0
535.0,393,1,232,193,586,0,22781.0,57.966921119592875,5.270699480721128,232,31425.0,0.2744418394168829,232,31425.0
540.0,399,0,236,196,595,0,23954.0,60.03508771929825,5.2556647166275985,236,32598.0,0.2638118906330286,236,32598.0
545.0,402,0,240,204,606,0,25145.0,62.549751243781095,5.162521997447084,240,33789.0,0.261509549706394,240,33789.0
550.0,407,1,246,210,617,0,26359.0,64.76412776412776,5.092353527578895,246,35003.0,0.26200879364376767,246,35003.0
555.0,408,0,250,221,629,0,27599.0,67.64460784313725,4.974929539983277,250,36243.0,0.270301720599402,250,36243.0
560.0,409,0,252,226,635,0,28856.0,70.55256723716381,4.914385855442765,252,37500.0,0.2688597984976577,252,37500.0
565.0,414,2,259,231,645,0,30139.0,72.79951690821257,4.7675330820480815,259,38783.0,0.26114184223780074,259,38783.0
570.0,425,1,265,236,661,0,31452.0,74.00470588235294,4.76060437725292,265,40096.0,0.26159758217642926,265,40096.0
575.0,436,0,274,239,675,0,32799.0,75.2270642201835,4.79613348336134,274,41443.0,0.25732966820181125,274,41443.0
580.0,442,0,278,244,686,0,34183.0,77.33710407239819,4.782122508779878,278,42827.0,0.25884143667760756,278,42827.0
585.0,445,0,283,248,693,0,35588.0,79.97303370786517,4.710241996319507,283,44232.0,0.25227986925304424,283,44232.0
590.0,453,1,288,249,702,0,37017.0,81.71523178807946,4.699814483712819,288,45661.0,0.24849753257248916,288,45661.0
595.0,451,0,295,261,712,0,38479.0,85.31929046563192,4.418681182863999,295,47123.0,0.24164003111657795,295,47123.0
600.0,456,0,303,265,721,0,39981.0,87.67763157894737,4.23989741762427,303,48625.0,0.2223005534821907,303,48625.0
605.0,460,1,311,270,730,0,41515.0,90.25,4.031765022421808,311,50159.0,0.20774173963072876,311,50159.0
610.0,462,0,319,277,739,0,43098.0,93.28571428571429,3.890568397021421,319,51742.0,0.19904206168614932,319,51742.0
615.0,478,1,327,278,756,0,44718.0,93.55230125523012,3.9275636689351012,327,53362.0,0.20206531375442044,327,53362.0
620.0,485,0,333,281,766,0,46373.0,95.61443298969073,4.040968659886534,333,55017.0,0.2179150456261931,333,55017.0
625.0,489,0,336,286,775,0,48046.0,98.25357873210633,3.9636741032472242,336,56690.0,0.20672380206350308,336,56690.0
630.0,494,0,345,290,784,0,49754.0,100.7165991902834,3.8461317308426275,345,58398.0,0.19555713728245117,345,58398.0
635.0,502,2,352,294,796,0,51494.0,102.57768924302789,3.856712829818477,352,60138.0,0.19700142138705362,352,60138.0
640.0,512,0,353,300,812,0,52788.0,103.1015625,3.9207658079592456,353,61903.0,0.21215096313389664,353,61903.0
645.0,516,1,351,304,820,0,52379.0,101.50968992248062,3.8291167285697494,351,62447.0,0.21031524970858548,351,62447.0
650.0,519,0,349,308,827,0,52927.0,101.97880539499036,3.7682117658200327,349,64199.0,0.20941123180280316,349,64199.0
655.0,519,0,354,316,835,0,54139.0,104.3140655105973,3.444518745967005,354,65903.0,0.19138113263634982,354,65903.0
660.0,524,0,369,320,844,0,55659.0,106.21946564885496,3.1530150468643394,369,67465.0,0.16860855229390606,369,67465.0
665.0,530,0,379,322,852,0,57342.0,108.19245283018869,2.979661437171329,379,68358.0,0.15320505571390067,379,68358.0
670.0,536,1,385,329,865,0,59151.0,110.35634328358209,2.9042815695657724,385,70288.0,0.15190099338358837,385,70288.0
675.0,541,0,383,332,873,0,60913.0,112.59334565619224,2.964902382703235,383,72090.0,0.154828347890308,383,72090.0
680.0,547,0,392,336,883,0,62811.0,114.82815356489945,2.959961068990379,392,74030.0,0.15575051887893498,392,74030.0
685.0,551,0,407,343,894,0,64724.0,117.46642468239564,2.8449134609865507,407,74935.0,0.15233584521540097,407,74935.0
690.0,560,1,413,347,907,0,65628.0,117.19285714285714,2.9012394081362807,413,76989.0,0.15713404464400085,413,76989.0
695.0,567,1,416,350,917,0,64148.0,113.1358024691358,2.9066685084317916,416,77035.0,0.1589785880870988,416,77035.0
700.0,577,0,422,351,928,0,64086.0,111.06759098786829,2.9572780810521624,422,79136.0,0.16143736336883463,422,79136.0
705.0,588,1,418,354,942,0,64686.0,110.01020408163265,3.013403754950877,418,80330.0,0.16836502845888168,418,80330.0
710.0,598,0,422,355,953,0,66024.0,110.40802675585284,2.952700063672773,422,82427.0,0.1621879983251357,422,82427.0
715.0,605,2,434,359,964,0,67784.0,112.0396694214876,2.8181508337626644,434,82840.0,0.1564585260019303,434,82840.0
720.0,615,0,446,361,976,0,69891.0,113.64390243902439,2.763980216784664,446,85050.0,0.15399876886852806,446,85050.0
725.0,628,1,454,364,992,0,72023.0,114.68630573248407,2.7574357032263093,454,86817.0,0.15683237063281874,454,86817.0
730.0,629,1,460,370,999,0,73955.0,117.57551669316375,2.5793431970710947,460,89061.0,0.14774132952216903,460,89061.0
735.0,636,1,453,374,1010,0,74966.0,117.87106918238993,2.5351511139423866,453,90730.0,0.1466562907817161,453,90730.0
740.0,644,0,450,379,1023,0,76549.0,118.86490683229813,2.541120128921233,450,92982.0,0.1489006868759911,450,92982.0
745.0,653,0,463,383,1036,0,78529.0,120.25880551301684,2.4788630640524536,463,94647.0,0.14571197861821356,463,94647.0
750.0,662,0,480,385,1047,0,80771.0,122.01057401812689,2.5113827198028456,480,97023.0,0.14607446274420927,480,97023.0
755.0,674,0,491,386,1060,0,82917.0,123.02225519287833,2.502973664694187,491,98767.0,0.1424046671938792,491,98767.0
760.0,682,0,489,389,1071,0,83312.0,122.158357771261,2.485896970339051,489,101210.0,0.13828170194927064,489,101210.0
765.0,695,1,471,389,1084,0,74995.0,107.90647482014388,2.573766962160729,471,97931.0,0.13909873388067137,471,97931.0
770.0,708,2,474,391,1099,0,67510.0,95.35310734463278,2.577980886618054,474,100296.0,0.13543285526326992,474,100296.0
775.0,722,0,493,396,1118,0,61478.0,85.14958448753463,2.5618573606886375,493,102364.0,0.1371107674870168,493,102364.0
780.0,731,0,505,397,1128,0,54457.0,74.49658002735978,2.5471221319504584,505,104893.0,0.13462007661993125,505,104893.0
785.0,744,0,495,399,1143,0,48652.0,65.39247311827957,2.6193013812157377,495,106676.0,0.14034717982445902,495,106676.0
790.0,756,1,488,401,1157,0,43227.0,57.17857142857143,2.608390393468391,488,109127.0,0.13904592123834641,488,109127.0
795.0,765,0,491,405,1170,0,37736.0,49.3281045751634,2.526415713873325,491,110056.0,0.13329430750008134,491,110056.0
800.0,776,0,494,411,1187,0,33461.0,43.11984536082474,2.4290604282680763,494,112526.0,0.12981860459295877,494,112526.0
805.0,791,2,487,413,1204,0,29164.0,36.86978508217446,2.4987713112728818,487,108867.0,0.13435828461241608,487,108867.0
810.0,804,2,487,416,1220,0,25143.0,31.27238805970149,2.4710979445828447,487,111218.0,0.13212616584585046,487,111218.0
815.0,815,2,492,419,1234,0,21041.0,25.81717791411043,2.3830690237627197,492,113241.0,0.1241445366270294,492,113241.0
820.0,822,0,501,427,1249,0,18295.0,22.25669099756691,2.2222700295274556,501,115621.0,0.11706567135726381,501,115621.0
825.0,830,0,502,431,1261,0,15099.0,18.191566265060242,2.1568212283208106,502,117188.0,0.11287144296462617,502,117188.0
830.0,839,0,494,436,1275,0,12444.0,14.831942789034565,2.103012054211256,494,119689.0,0.11003553920005191,494,119689.0
835.0,851,4,506,439,1290,0,10744.0,12.62514688601645,2.0785177833707555,506,121200.0,0.10695350068956151,506,121200.0
840.0,865,0,506,443,1308,0,9539.0,11.027745664739884,2.0292482120628157,506,123162.0,0.10460665712353655,506,123162.0
845.0,877,0,483,446,1323,0,7774.0,8.864310148232612,2.0081878231055734,483,119994.0,0.10211137843482973,483,119994.0
850.0,882,1,457,452,1334,0,6731.0,7.6315192743764175,1.9626303450043698,457,122280.0,0.10237958238903373,457,122280.0
855.0,889,0,454,455,1344,0,6036.0,6.789651293588301,1.9506179608045875,454,124025.0,0.10111999865702065,454,124025.0
860.0,902,1,471,456,1358,0,6215.0,6.890243902439025,2.043785049137269,471,126340.0,0.10676428946140339,471,126340.0
865.0,912,3,462,462,1374,0,5920.0,6.491228070175438,1.9768140702209365,462,127333.0,0.10387013529622652,462,127333.0
870.0,918,4,478,467,1385,0,6133.0,6.680827886710239,2.041501989858859,478,129134.0,0.1075653520406904,478,129134.0
875.0,931,4,499,469,1400,0,6507.0,6.989258861439312,1.9801780662711181,499,131056.0,0.10162870874797228,499,131056.0
880.0,943,3,503,470,1413,0,6581.0,6.978791092258748,2.032114978908958,503,128177.0,0.10079884741428523,503,128177.0
885.0,950,3,496,475,1425,0,6716.0,7.069473684210526,2.076005976676944,496,130427.0,0.10539893672364306,496,130427.0
890.0,960,0,487,482,1442,0,7022.0,7.314583333333333,2.0844249661317127,487,132238.0,0.10930067457819286,487,132238.0
895.0,964,2,501,486,1450,0,7477.0,7.7562240663900415,1.985045052531563,501,134514.0,0.10292468758951734,501,134514.0
900.0,977,3,507,487,1464,0,7909.0,8.095189355168884,1.95940039282355,507,135699.0,0.09789846965078577,507,135699.0
905.0,981,7,523,491,1472,0,8206.0,8.364933741080531,1.8717663016136872,523,137666.0,0.09092110088953169,523,137666.0
910.0,979,9,518,499,1478,0,8276.0,8.453524004085802,1.8084087900579906,518,134411.0,0.08754842670143843,518,134411.0
915.0,996,11,519,500,1496,0,8664.0,8.698795180722891,1.8848999642289372,519,136914.0,0.08939358666464835,519,136914.0
920.0,1005,9,515,503,1508,0,8860.0,8.81592039800995,1.9111439443543923,515,138928.0,0.09162093609286734,515,138928.0
925.0,1017,11,529,506,1523,0,9389.0,9.23205506391347,1.8871214047696,529,141565.0,0.08942148071359331,529,141565.0
930.0,1017,21,522,511,1528,0,9826.0,9.661750245821043,1.8192708736211483,522,142776.0,0.08589384520860613,522,142776.0
935.0,1019,26,536,519,1538,0,10351.0,10.157998037291462,1.793923423290875,536,145397.0,0.08686189293154983,536,145397.0
940.0,1022,30,518,524,1546,0,10622.0,10.393346379647749,1.7789619973536364,518,141929.0,0.08479038468314495,518,141929.0
945.0,1023,30,410,528,1551,0,8968.0,8.766373411534701,2.0188583082774336,410,136828.0,0.09875296404885872,410,136828.0
950.0,1028,33,412,532,1560,0,9093.0,8.84533073929961,2.2331053997578656,412,132301.0,0.10876290863909593,412,132301.0
955.0,1031,36,411,538,1569,0,9745.0,9.451988360814743,2.4088175455598178,411,127289.0,0.11198324905071595,411,127289.0
960.0,1041,34,435,541,1582,0,10790.0,10.365033621517771,2.5298062631509075,435,123348.0,0.11102539231173908,435,123348.0
965.0,1052,36,440,544,1596,0,11400.0,10.836501901140684,2.6239277386718936,440,118772.0,0.10697113429640642,440,118772.0
970.0,1058,38,442,552,1610,0,12067.0,11.405482041587902,2.717983142635762,442,115902.0,0.11360286740978093,442,115902.0
975.0,1065,40,440,555,1620,0,13138.0,12.336150234741783,2.8946939514927084,440,113879.0,0.11844991954316521,440,113879.0
980.0,1073,41,416,560,1633,0,14343.0,13.367194780987884,3.0166927996616555,416,112913.0,0.12099168194250863,416,112913.0
985.0,1083,39,439,562,1645,0,15901.0,14.68236380424746,3.1254385160453513,439,108154.0,0.11951790427756029,439,108154.0
990.0,1097,41,469,566,1663,0,17671.0,16.10847766636281,3.173376433517595,469,106324.0,0.12136492688611461,469,106324.0
995.0,1106,36,514,576,1682,0,19605.0,17.72603978300181,3.1501492930079524,514,103877.0,0.11991353986208797,514,103877.0
1000.0,1115,35,547,580,1695,0,21685.0,19.44843049327354,3.1435978862046694,547,103488.0,0.11543620723637486,547,103488.0
1005.0,1119,36,566,593,1712,0,23791.0,21.2609472743521,3.185744385091484,566,103847.0,0.1187390156001714,566,103847.0
1010.0,1121,37,547,602,1723,0,25596.0,22.833184656556647,3.2019321524052002,547,101461.0,0.11802374523789576,547,101461.0
1015.0,1119,43,520,614,1733,0,27383.0,24.470956210902592,3.3170443513410723,520,100377.0,0.12580621087266286,520,100377.0
1020.0,1112,47,503,634,1746,0,29331.0,26.37679856115108,3.3350207240800565,503,101384.0,0.13456386872734366,503,101384.0
1025.0,1107,50,481,648,1755,0,31223.0,28.205058717253838,3.3118007529611133,481,100890.0,0.13520029788138638,481,100890.0
1030.0,1112,48,485,652,1764,0,33433.0,30.065647482014388,3.424957437589668,485,100412.0,0.13637466493380948,485,100412.0
1035.0,1105,47,498,666,1771,0,35722.0,32.32760180995475,3.4071284039869387,498,99450.0,0.13412720361248903,498,99450.0
1040.0,1105,47,491,677,1782,0,38034.0,34.41990950226244,3.5290896492729376,491,99180.0,0.14285232377826426,491,99180.0
1045.0,1094,53,492,696,1790,0,40379.0,36.909506398537474,3.593155401625069,492,100649.0,0.1527575201908078,492,100649.0
1050.0,1085,54,496,713,1798,0,42775.0,39.423963133640555,3.6649961508590634,496,101752.0,0.16271199292309874,496,101752.0
1055.0,1087,53,493,728,1815,0,45184.0,41.56761729530819,3.8105672470354177,493,101431.0,0.17498497133325402,493,101431.0
1060.0,1095,55,495,736,1831,0,47635.0,43.50228310502283,4.021659005706485,495,102018.0,0.18867657364397866,495,102018.0
1065.0,1094,58,502,750,1844,0,50121.0,45.81444241316271,4.0700444107049645,502,101731.0,0.19148157693953166,502,101731.0
1070.0,1091,58,513,763,1854,0,52622.0,48.23281393217232,4.015580235532337,513,102958.0,0.1888350137419081,513,102958.0
1075.0,1095,47,529,774,1869,0,55205.0,50.41552511415525,3.9790691345213727,529,103510.0,0.18622413629019643,529,103510.0
1080.0,1095,46,542,786,1881,0,57841.0,52.82283105022831,3.9102497230401925,542,103794.0,0.17835897812259718,542,103794.0
1085.0,1100,42,551,798,1898,0,60478.0,54.98,3.8414921811125673,551,104021.0,0.17180136084821154,551,104021.0
1090.0,1099,41,565,814,1913,0,63137.0,57.44949954504094,3.7973736580998585,565,104746.0,0.17070234553535973,565,104746.0
1095.0,1101,38,575,825,1926,0,65841.0,59.80108991825613,3.817318690102557,575,106395.0,0.17480995296591453,575,106395.0
1100.0,1102,34,583,836,1938,0,68592.0,62.243194192377494,3.8025958197144933,583,107471.0,0.17135358975339857,583,107471.0
1105.0,1109,28,589,847,1956,0,71317.0,64.30748422001804,3.7237782683112672,589,108499.0,0.16439782650882795,589,108499.0
1110.0,1112,26,603,860,1972,0,74104.0,66.64028776978417,3.6075287272558056,603,109707.0,0.15612900278144798,603,109707.0
1115.0,1115,21,602,877,1992,0,76948.0,69.0116591928251,3.5389195998847054,602,110782.0,0.15476176643391104,602,110782.0
1120.0,1124,10,581,887,2011,0,79494.0,70.72419928825623,3.5753012334087946,581,112486.0,0.16041338534359878,581,112486.0
1125.0,1124,4,588,902,2026,0,82328.0,73.24555160142349,3.5776507153975956,588,114968.0,0.16236016292167524,588,114968.0
1130.0,1131,4,600,915,2046,0,85208.0,75.33863837312113,3.502590411584766,600,116969.0,0.1580573278417306,600,116969.0
1135.0,1132,2,616,927,2059,0,88083.0,77.81183745583039,3.427589496738437,616,119385.0,0.15038756623165137,616,119385.0
1140.0,1127,0,632,942,2069,0,91042.0,80.78260869565217,3.2842852622418937,632,121896.0,0.14229149865830987,632,121896.0
1145.0,1129,2,642,949,2078,0,94081.0,83.33126660761737,3.145203246500843,642,124780.0,0.12931839386435806,642,124780.0
1150.0,1126,1,652,960,2086,0,97130.0,86.26110124333925,3.0081765048667104,652,127727.0,0.11440213593524148,652,127727.0
1155.0,1128,2,659,973,2101,0,100162.0,88.79609929078015,3.0036765657376283,659,130217.0,0.11529433292519976,659,130217.0
1160.0,1131,0,684,985,2116,0,103476.0,91.49071618037135,2.974239350332274,684,132971.0,0.11321836788309637,684,132971.0
1165.0,1127,0,677,1000,2127,0,105205.0,93.34960070984916,2.8739137200440794,677,136103.0,0.113436667060892,677,136103.0
1170.0,1122,0,662,1015,2137,0,101750.0,90.68627450980392,2.75555749259708,662,135288.0,0.11292986709822661,662,135288.0
1175.0,1124,1,633,1022,2146,0,99010.0,88.08718861209964,2.7610720589024336,633,136082.0,0.11490420392769791,633,136082.0
1180.0,1122,0,598,1035,2157,0,93769.0,83.57308377896614,2.897116612851571,598,134030.0,0.12682261441916529,598,134030.0
1185.0,1124,0,597,1047,2171,0,90850.0,80.82740213523131,2.9330229389871447,597,131555.0,0.12374897378350995,597,131555.0
1190.0,1128,0,599,1055,2183,0,88531.0,78.48492907801419,3.0511637906452713,599,130680.0,0.12781860692775418,599,130680.0
1195.0,1134,1,569,1064,2198,0,83714.0,73.82186948853615,3.2767968804360685,569,128316.0,0.14276806726712865,569,128316.0
1200.0,1138,0,561,1070,2208,0,80555.0,70.78646748681898,3.458417800833361,561,126543.0,0.1498658911435977,561,126543.0
1205.0,1131,1,590,1086,2217,0,78022.0,68.98496905393458,3.3890589686526207,590,124398.0,0.14105278292059267,590,124398.0
1210.0,1128,0,606,1096,2224,0,75080.0,66.56028368794327,3.2708116333834885,606,126210.0,0.1336145420704467,606,126210.0
1215.0,1126,0,601,1111,2237,0,71276.0,63.300177619893425,3.1387422123752486,601,128777.0,0.1310406098256779,601,128777.0
1220.0,1126,1,607,1118,2244,0,68346.0,60.698046181172295,3.0694903005661205,607,131429.0,0.12696636485983662,607,131429.0
1225.0,1131,1,612,1130,2261,0,65285.0,57.723253757736515,3.049761743915337,612,133967.0,0.1267903824067827,612,133967.0
1230.0,1132,0,606,1138,2270,0,61922.0,54.70141342756184,3.085759564513483,606,136461.0,0.12299400101747382,606,136461.0
1235.0,1131,1,623,1150,2281,0,60628.0,53.60565870910698,3.0698331014570246,623,139083.0,0.12161019670302999,623,139083.0
1240.0,1132,0,631,1166,2298,0,60030.0,53.03003533568904,3.0741444684247745,631,141750.0,0.1285669973169183,631,141750.0
1245.0,1133,1,633,1175,2308,0,59553.0,52.56222418358341,3.090769214696912,633,144352.0,0.13218387179852734,633,144352.0
1250.0,1123,0,634,1194,2317,0,58871.0,52.422974176313446,2.969646529336299,634,146893.0,0.13028319340725852,634,146893.0
1255.0,1128,1,645,1207,2335,0,59158.0,52.445035460992905,2.958231428583169,645,149678.0,0.13260867899113846,645,149678.0
1260.0,1121,0,654,1224,2345,0,60075.0,53.590544157002675,2.7684192789411073,654,152647.0,0.12419485586079548,654,152647.0
1265.0,1117,0,661,1236,2353,0,61646.0,55.188898836168306,2.7148278142325855,661,155462.0,0.12327780175739848,661,155462.0
1270.0,1124,1,663,1241,2365,0,61325.0,54.55960854092527,2.6237146537240448,663,158148.0,0.11933831279531622,663,158148.0
1275.0,1133,3,669,1244,2377,0,59097.0,52.159752868490735,2.5448757687269077,669,159456.0,0.11502957914355712,669,159456.0
1280.0,1131,3,672,1259,2390,0,57135.0,50.51724137931034,2.2643818551624904,672,162310.0,0.1047310393265305,672,162310.0
1285.0,1136,1,662,1266,2402,0,55709.0,49.039612676056336,2.1820636994571094,662,161084.0,0.10065407588879706,662,161084.0
1290.0,1138,0,643,1273,2411,0,54475.0,47.86906854130053,2.2041635101191597,643,161496.0,0.1020760672147653,643,161496.0
1295.0,1134,1,624,1284,2418,0,54223.0,47.81569664902998,2.2378638079246027,624,159875.0,0.10307125207327217,624,159875.0
1300.0,1139,0,624,1292,2431,0,53899.0,47.32133450395084,2.3406036756705757,624,158934.0,0.10628530116488598,624,158934.0
1305.0,1137,0,639,1303,2440,0,54273.0,47.733509234828496,2.3803432901141583,639,155832.0,0.10348993143820921,639,155832.0
1310.0,1141,2,647,1311,2452,0,54422.0,47.696757230499564,2.45771110854698,647,153897.0,0.10277173903226526,647,153897.0
1315.0,1148,2,663,1316,2464,0,55220.0,48.10104529616725,2.530197207328167,663,153202.0,0.10135519275631541,663,153202.0
1320.0,1151,3,671,1327,2478,0,56402.0,49.00260642919201,2.6305935225189474,671,151309.0,0.10362848664335106,671,151309.0
1325.0,1159,2,681,1335,2494,0,57561.0,49.66436583261432,2.7689187034581715,681,149860.0,0.10874967582063792,681,149860.0
1330.0,1165,0,692,1340,2505,0,59197.0,50.81287553648069,2.9251157269713373,692,148486.0,0.11202744346083296,692,148486.0
1335.0,1174,1,691,1343,2517,0,60547.0,51.57325383304941,3.1231740089973616,691,147279.0,0.12048054432510977,691,147279.0
1340.0,1178,0,698,1344,2522,0,62372.0,52.94736842105263,3.2339454983575546,698,146623.0,0.11995142674592006,698,146623.0
1345.0,1187,0,696,1349,2536,0,63897.0,53.83066554338669,3.3777780432876834,696,145867.0,0.12534759178507668,696,145867.0
1350.0,1187,0,700,1355,2542,0,65569.0,55.239258635214824,3.4885787181161327,700,145022.0,0.12636073044125148,700,145022.0
1355.0,1187,0,706,1370,2557,0,67215.0,56.625947767481044,3.5518431555251317,706,144066.0,0.13015764114350342,706,144066.0
1360.0,1181,0,695,1380,2561,0,68941.0,58.37510584250635,3.6237757189279107,695,143964.0,0.13295438496581338,695,143964.0
1365.0,1178,0,689,1397,2575,0,70420.0,59.77928692699491,3.701218348927016,689,143981.0,0.14257930275514827,689,143981.0
1370.0,1163,0,684,1415,2578,0,72195.0,62.07652622527945,3.7505034996351743,684,143759.0,0.14797652634580308,684,143759.0
1375.0,1150,1,677,1435,2585,0,73496.0,63.909565217391304,3.5984388607072026,677,146452.0,0.1457078623165662,677,146452.0
1380.0,1144,0,661,1451,2595,0,72857.0,63.68618881118881,3.5066547715592553,661,147346.0,0.14870735776225716,661,147346.0
1385.0,1138,1,628,1465,2603,0,72074.0,63.333919156414765,3.465578605558822,628,149047.0,0.15036576906013913,628,149047.0
1390.0,1133,0,625,1480,2613,0,72238.0,63.758164165931156,3.539849905857037,625,151180.0,0.15886081746423056,625,151180.0
1395.0,1122,0,632,1494,2616,0,73302.0,65.33155080213903,3.4846773958885473,632,153458.0,0.15440464303546442,632,153458.0
1400.0,1117,1,659,1508,2625,0,74769.0,66.9373321396598,3.3648542723701764,659,154944.0,0.14547691100623575,659,154944.0
1405.0,1111,2,672,1525,2636,0,75696.0,68.13321332133214,3.2223402757820816,672,156679.0,0.13728644022593042,672,156679.0
1410.0,1106,1,687,1541,2647,0,76657.0,69.31012658227849,3.0339353158158993,687,158503.0,0.12838588435666073,687,158503.0
1415.0,1105,0,694,1555,2660,0,77078.0,69.75384615384615,2.847102386706947,694,160132.0,0.11709643215126285,694,160132.0
1420.0,1101,0,687,1568,2669,0,75832.0,68.8755676657584,2.746192765783285,687,160257.0,0.10937390547794523,687,160257.0
1425.0,1095,0,663,1585,2680,0,73518.0,67.13972602739726,2.584384241201369,663,161144.0,0.10176710442045014,663,161144.0
1430.0,1093,0,666,1597,2690,0,74710.0,68.35315645013723,2.483678057335855,666,163218.0,0.09854712735541803,666,163218.0
1435.0,1094,0,675,1602,2696,0,75923.0,69.39945155393053,2.449924966022042,675,165238.0,0.09556219265843396,675,165238.0
1440.0,1087,0,681,1614,2701,0,77536.0,71.33026678932843,2.445880747294726,681,167575.0,0.09796268596483425,681,167575.0
1445.0,1091,0,696,1619,2710,0,79129.0,72.52887259395051,2.5564571005772216,696,169770.0,0.10186940194174987,696,169770.0
1450.0,1092,0,706,1629,2721,0,80969.0,74.1474358974359,2.5434970545855573,706,172081.0,0.1022248334117415,706,172081.0
1455.0,1091,1,720,1639,2730,0,83108.0,76.17598533455545,2.5243227308498035,720,174535.0,0.10125513952859112,720,174535.0
1460.0,1089,1,730,1648,2737,0,85396.0,78.41689623507806,2.5300447232354424,730,176581.0,0.0988644951261626,730,176581.0
1465.0,1086,1,730,1661,2747,0,87626.0,80.68692449355433,2.5805376290083157,730,178737.0,0.10548186685709213,730,178737.0
1470.0,1087,2,726,1671,2758,0,90046.0,82.8390064397424,2.5930937263167926,726,181076.0,0.10730004957488828,726,181076.0
1475.0,1095,0,728,1677,2772,0,92708.0,84.6648401826484,2.6967418215435335,728,183542.0,0.1131168216432544,728,183542.0
1480.0,1097,0,723,1688,2785,0,95529.0,87.0820419325433,2.7731470957740614,723,185314.0,0.11891080645459734,723,185314.0
1485.0,1104,0,707,1693,2797,0,98179.0,88.9302536231884,2.9002870220550716,707,187062.0,0.1254168613787293,707,187062.0
1490.0,1107,0,692,1699,2806,0,100909.0,91.1553748870822,2.9189805203214236,692,188470.0,0.12551666260590266,692,188470.0
1495.0,1114,1,684,1704,2818,0,103317.0,92.74416517055656,2.9254397344111585,684,189572.0,0.12116821676455512,684,189572.0
1500.0,1113,1,654,1714,2827,0,105309.0,94.61725067385444,2.843267812292445,654,189829.0,0.11378958327021109,654,189829.0
1505.0,1110,0,652,1729,2839,0,107661.0,96.9918918918919,2.9218240601949774,652,189962.0,0.12116823961849513,652,189962.0
1510.0,1106,0,655,1739,2845,0,110918.0,100.2875226039783,2.945927738016014,655,192566.0,0.12551998711963697,655,192566.0
1515.0,1106,1,670,1748,2854,0,114237.0,103.28842676311031,2.92682052986162,670,195151.0,0.12797751158660994,670,195151.0
1520.0,1106,1,687,1757,2863,0,117617.0,106.34448462929475,2.788651025091771,687,198059.0,0.11809609925042819,687,198059.0
1525.0,1104,0,702,1771,2875,0,121071.0,109.66576086956522,2.6430892200401774,702,200941.0,0.10965474024533654,702,200941.0
1530.0,1104,0,721,1780,2884,0,124501.0,112.77264492753623,2.6252217261020387,721,203934.0,0.10713371289513836,721,203934.0
1535.0,1101,0,737,1792,2893,0,128012.0,116.26884650317893,2.61360191679763,737,207215.0,0.1080342394959988,737,207215.0
1540.0,1099,0,751,1802,2901,0,131608.0,119.75250227479526,2.5474944104982455,751,210489.0,0.1016741464329586,751,210489.0
1545.0,1101,2,762,1809,2910,0,135298.0,122.88646684831971,2.5501491326525185,762,213943.0,0.0981005325700945,762,213943.0
1550.0,1104,0,777,1821,2925,0,139119.0,126.01358695652173,2.5638270232281433,777,217617.0,0.0999284276821592,777,217617.0
1555.0,1108,0,781,1824,2932,0,142886.0,128.95848375451263,2.6484144669460488,781,220921.0,0.09958208907957407,781,220921.0
1560.0,1105,0,775,1833,2938,0,146470.0,132.55203619909503,2.725452008686234,775,223970.0,0.10528548584886718,775,223970.0
1565.0,1100,1,768,1846,2946,0,149672.0,136.06545454545454,2.6328451147358845,768,226270.0,0.09844659854110788,768,226270.0
1570.0,1099,0,783,1857,2956,0,153383.0,139.56596906278435,2.6564008616995762,783,229701.0,0.10266179078376536,783,229701.0
1575.0,1097,0,782,1865,2962,0,157172.0,143.27438468550594,2.6499199931798025,782,232954.0,0.10112555459312582,782,232954.0
1580.0,1093,0,787,1873,2966,0,161009.0,147.3092406221409,2.6254015576257457,787,236393.0,0.09760653241391883,787,236393.0
1585.0,1089,0,784,1886,2975,0,164765.0,151.29935720844813,2.548612935410006,784,239347.0,0.09312690992370735,784,239347.0
1590.0,1090,0,783,1893,2983,0,168414.0,154.50825688073394,2.5639747603344825,783,241990.0,0.09085428700898852,783,241990.0
1595.0,1086,0,779,1904,2990,0,171917.0,158.30294659300185,2.554011553553905,779,244335.0,0.08857198405901119,779,244335.0
1600.0,1085,0,779,1912,2997,0,174735.0,161.04608294930875,2.47650174605623,779,245807.0,0.08279396932802142,779,245807.0
1605.0,1077,0,782,1924,3001,0,178075.0,165.3435468895079,2.438796600076484,782,248951.0,0.08061008498814864,782,248951.0
1610.0,1078,1,793,1937,3015,0,180611.0,167.5426716141002,2.33840143948628,793,252740.0,0.08276963736632881,793,252740.0
1615.0,1073,0,782,1947,3020,0,177729.0,165.63746505125815,2.21334479239221,782,251096.0,0.0785727457717369,782,251096.0
1620.0,1068,1,783,1958,3026,0,175823.0,164.62827715355806,2.0787548578316772,783,252198.0,0.07090099865170209,783,252198.0
1625.0,1066,0,777,1967,3033,0,173326.0,162.59474671669793,2.056315909904803,777,249621.0,0.06580351015598358,777,249621.0
1630.0,1065,0,764,1973,3038,0,171379.0,160.91924882629107,2.1734743272543393,764,246954.0,0.06519521694427695,764,246954.0
1635.0,1070,1,761,1978,3048,0,169209.0,158.1392523364486,2.3690938799026053,761,245782.0,0.07331235314148453,761,245782.0
1640.0,1069,1,759,1992,3061,0,167300.0,156.50140318054255,2.492108590084565,759,242956.0,0.08094107808990186,759,242956.0
1645.0,1070,0,755,2000,3070,0,164946.0,154.1551401869159,2.661586469008206,755,241608.0,0.08814705876022909,755,241608.0
1650.0,1074,1,756,2014,3088,0,162837.0,151.61731843575419,2.783414664401864,756,239291.0,0.09766717094625466,756,239291.0
1655.0,1073,0,751,2022,3095,0,161867.0,150.85461323392357,2.9553945320761166,751,237087.0,0.10589756457721433,751,237087.0
1660.0,1070,2,742,2035,3105,0,159576.0,149.13644859813084,3.028890604539815,742,236781.0,0.11316825080329714,742,236781.0
1665.0,1072,0,730,2040,3112,0,158156.0,147.53358208955223,3.233198908680242,730,235164.0,0.12103345330081931,730,235164.0
1670.0,1072,0,714,2047,3119,0,156053.0,145.57182835820896,3.3804099320572143,714,233325.0,0.12290507151045149,714,233325.0
1675.0,1077,0,698,2051,3128,0,154214.0,143.18848653667595,3.5117367594096156,698,231990.0,0.12485791751563918,698,231990.0
1680.0,1070,0,686,2059,3129,0,152737.0,142.7448598130841,3.575137743774196,686,231022.0,0.12384834734287564,686,231022.0
1685.0,1067,1,670,2072,3139,0,151084.0,141.59700093720713,3.764120582197278,670,230310.0,0.1381263554245281,670,230310.0
1690.0,1058,0,652,2086,3144,0,150190.0,141.95652173913044,3.8532650494909504,652,229429.0,0.14400225670891992,652,229429.0
1695.0,1054,0,639,2099,3153,0,149611.0,141.9459203036053,3.935986346966275,639,228347.0,0.15109446804885832,639,228347.0
1700.0,1049,0,625,2112,3161,0,149433.0,142.45281220209725,4.098999084431356,625,227618.0,0.1637316065537508,625,227618.0
1705.0,1040,0,607,2128,3168,0,149592.0,143.83846153846153,4.202469390099723,607,226540.0,0.1718056672648957,607,226540.0
1710.0,1030,0,587,2143,3173,0,150669.0,146.28058252427184,4.3043669634801685,587,224525.0,0.17923518244812076,587,224525.0
1715.0,1032,0,573,2152,3184,0,152203.0,147.48352713178295,4.524986893426628,573,224029.0,0.1952655354527395,573,224029.0
1720.0,1025,0,565,2171,3196,0,154696.0,150.9229268292683,4.6898796472308195,565,222905.0,0.20848513946961,565,222905.0
1725.0,1014,0,555,2188,3202,0,156943.0,154.77613412228797,4.741261561507086,555,221673.0,0.21110281102946554,555,221673.0
1730.0,1007,0,560,2207,3214,0,159708.0,158.59781529294935,4.8427793930284775,560,221545.0,0.22078272851664513,560,221545.0
1735.0,996,0,563,2222,3218,0,162465.0,163.11746987951807,4.882891755960944,563,221332.0,0.2223705329109166,563,221332.0
1740.0,987,0,562,2235,3222,0,165098.0,167.2725430597771,4.805385953875054,562,221486.0,0.2154425556884131,562,221486.0
1745.0,981,1,572,2249,3230,0,167886.0,171.13761467889907,4.703613268880661,572,221696.0,0.20484846591048622,572,221696.0
1750.0,972,0,586,2263,3235,0,170785.0,175.70473251028807,4.554405644260333,586,222473.0,0.18801458002114182,586,222473.0
1755.0,963,0,592,2282,3245,0,173667.0,180.33956386292834,4.411929580837173,592,223529.0,0.18244235014572396,592,223529.0
1760.0,954,0,602,2301,3255,0,176016.0,184.50314465408806,4.074530949110838,602,225409.0,0.16385892443827454,602,225409.0
1765.0,951,2,610,2314,3265,0,176217.0,185.29652996845425,3.75726996201347,610,227144.0,0.14550561855900504,610,227144.0
1770.0,934,0,619,2336,3270,0,176796.0,189.28907922912205,3.4217282697014637,619,229268.0,0.12889228717847817,619,229268.0
1775.0,926,0,630,2353,3279,0,177443.0,191.62311015118792,3.199031639468157,630,231104.0,0.11801720406883068,630,231104.0
1780.0,919,1,632,2364,3283,0,178253.0,193.96409140369968,3.0869937195705903,632,232434.0,0.10757301484779795,632,232434.0
1785.0,917,0,629,2376,3293,0,178817.0,195.0021810250818,3.0629194552854293,629,233552.0,0.10677835013063813,629,233552.0
1790.0,905,0,637,2394,3299,0,179688.0,198.55027624309392,2.916612642695051,637,234825.0,0.10186308163039141,637,234825.0
1795.0,898,0,643,2408,3306,0,180597.0,201.11024498886414,2.826440567699916,643,236477.0,0.09668872548034534,643,236477.0
1800.0,892,0,636,2421,3313,0,181189.0,203.12668161434976,2.7697617915340227,636,237851.0,0.09287813348200642,636,237851.0
1805.0,883,0,643,2436,3319,0,182517.0,206.70101925254812,2.748458407953169,643,239199.0,0.0917276266127382,643,239199.0
1810.0,876,0,633,2449,3325,0,183814.0,209.83333333333334,2.8093813261532277,633,240728.0,0.09941216689782317,633,240728.0
1815.0,876,0,621,2454,3330,0,185854.0,212.162100456621,2.9806679869195083,621,241923.0,0.10683553094432836,621,241923.0
1820.0,873,0,616,2463,3336,0,188253.0,215.63917525773195,3.1123010261474917,616,243382.0,0.11665237122422994,616,243382.0
1825.0,872,0,611,2468,3340,0,190942.0,218.97018348623854,3.2271598731500686,611,244837.0,0.12140827853155663,611,244837.0
1830.0,866,0,619,2477,3343,0,194006.0,224.02540415704388,3.206752798325389,619,246044.0,0.11703718600107817,619,246044.0
1835.0,866,0,625,2482,3348,0,197119.0,227.6200923787529,3.2925434941464093,625,247628.0,0.11724096218793602,625,247628.0
1840.0,861,0,624,2494,3355,0,200149.0,232.46109175377467,3.2955364331489414,624,249168.0,0.11904704683796967,624,249168.0
1845.0,860,1,606,2504,3364,0,201474.0,234.27209302325582,3.275361648553749,606,250129.0,0.11745510595637387,606,250129.0
1850.0,851,0,591,2518,3369,0,201603.0,236.90129259694478,3.1951130930750833,591,249655.0,0.11449300140243608,591,249655.0
1855.0,850,0,574,2524,3374,0,200525.0,235.91176470588235,3.2437922702348216,574,248772.0,0.11391931052408887,574,248772.0
1860.0,850,1,557,2532,3382,0,198913.0,234.01529411764704,3.232309081709304,557,247488.0,0.10994181371752082,557,247488.0
1865.0,843,0,550,2544,3387,0,199000.0,236.06168446026098,3.3173637781867966,550,246303.0,0.11526504373945883,550,246303.0
1870.0,836,0,547,2557,3393,0,200225.0,239.50358851674642,3.2540604285587764,547,246399.0,0.11406300314629425,547,246399.0
1875.0,834,0,551,2562,3396,0,202183.0,242.42565947242207,3.210211788992053,551,247952.0,0.1077930462442255,551,247952.0
1880.0,821,0,560,2577,3398,0,204963.0,249.65042630937882,3.0021118529782735,560,250347.0,0.09748735155624177,560,250347.0
1885.0,814,0,575,2590,3404,0,207809.0,255.2936117936118,2.860149204022521,575,252785.0,0.08975561075185938,575,252785.0
1890.0,806,1,584,2604,3410,0,210704.0,261.4193548387097,2.7670049058534283,584,255140.0,0.08484212601928252,584,255140.0
1895.0,808,1,590,2609,3417,0,213589.0,264.3428217821782,2.8216984226091095,590,257471.0,0.08408755979600027,590,257471.0
1900.0,808,0,593,2619,3427,0,216062.0,267.40346534653463,2.8178593905303666,593,259025.0,0.08275995657607019,593,259025.0
1905.0,803,0,592,2631,3434,0,218961.0,272.678704856787,2.8245471595146303,592,261215.0,0.08893113769778614,592,261215.0
1910.0,799,0,589,2639,3438,0,221781.0,277.5732165206508,2.8684833472732687,589,262751.0,0.08818189150684651,589,262751.0
1915.0,795,0,585,2648,3443,0,224488.0,282.3748427672956,2.855637601210855,585,263896.0,0.08728606003437568,585,263896.0
1920.0,794,0,595,2658,3452,0,227440.0,286.448362720403,2.8512851267678148,595,266043.0,0.09079703189220176,595,266043.0
1925.0,784,0,590,2672,3456,0,230291.0,293.73852040816325,2.748454922965341,590,267354.0,0.08793993607499895,590,267354.0
1930.0,779,0,597,2682,3461,0,233262.0,299.4377406931964,2.6840722187977413,597,269923.0,0.08283682705116505,597,269923.0
1935.0,773,0,604,2689,3462,0,236264.0,305.6455368693402,2.485567310364115,604,271181.0,0.06949721394797996,604,271181.0
1940.0,770,0,605,2696,3466,0,239198.0,310.64675324675324,2.50353433245891,605,272521.0,0.07007416469302329,605,272521.0
1945.0,764,0,609,2708,3472,0,242231.0,317.0562827225131,2.4059974198910092,609,274915.0,0.0687260874390352,609,274915.0
1950.0,761,0,615,2715,3476,0,245285.0,322.31931668856765,2.3023086122891585,615,277257.0,0.06243651341721317,615,277257.0
1955.0,762,0,619,2721,3483,0,248321.0,325.88057742782155,2.3175734936049186,619,279007.0,0.06244806195470869,619,279007.0
1960.0,753,0,619,2734,3487,0,251342.0,333.7875166002656,2.1466356209017534,619,281411.0,0.05683096532431036,619,281411.0
1965.0,753,0,621,2739,3492,0,254402.0,337.85126162018594,2.1618083889598467,621,283155.0,0.05757623015503478,621,283155.0
1970.0,748,0,627,2748,3496,0,257512.0,344.26737967914437,2.024022829483765,627,285325.0,0.052418430716003335,627,285325.0
1975.0,750,0,629,2758,3508,0,260623.0,347.49733333333336,2.011215329153526,629,287968.0,0.058536189650135254,629,287968.0
1980.0,748,0,627,2764,3512,0,263728.0,352.57754010695186,1.9867484114720704,627,290115.0,0.05821663330360674,627,290115.0
1985.0,742,0,633,2775,3517,0,266875.0,359.6698113207547,1.8659377690643724,633,292427.0,0.05697393191013469,633,292427.0
1990.0,733,0,638,2786,3519,0,270052.0,368.4201909959072,1.6809490044173965,638,295097.0,0.05140735639789267,638,295097.0
1995.0,735,0,639,2791,3526,0,273227.0,371.7374149659864,1.6784011209349468,639,297417.0,0.05412929175101271,639,297417.0
2000.0,736,0,644,2795,3531,0,276435.0,375.5910326086956,1.6402519339891743,644,300078.0,0.05323877778732003,644,300078.0
2005.0,732,0,645,2801,3533,0,279655.0,382.04234972677597,1.5603827019262595,645,302628.0,0.05104830081268411,645,302628.0
2010.0,731,0,647,2809,3540,0,282888.0,386.9876880984952,1.5019085789698532,647,305323.0,0.05386355105492771,647,305323.0
2015.0,730,1,650,2812,3542,0,286133.0,391.96301369863016,1.4616518100550122,650,308012.0,0.054467618285961805,650,308012.0
2020.0,731,0,652,2814,3545,0,289388.0,395.8796169630643,1.4071636239114167,652,310690.0,0.050426224650145395,652,310690.0
2025.0,726,0,655,2821,3547,0,292661.0,403.1143250688705,1.2598230039718192,655,313409.0,0.042814265634228625,655,313409.0
2030.0,725,0,658,2826,3551,0,295945.0,408.2,1.2007489912881155,658,316139.0,0.040994364201541435,658,316139.0
2035.0,726,0,663,2831,3557,0,299250.0,412.1900826446281,1.1197541167395322,663,318891.0,0.03926387822796059,663,318891.0
2040.0,728,0,665,2833,3561,0,302574.0,415.6236263736264,1.1480857538505265,665,321658.0,0.041086348039029906,665,321658.0
2045.0,732,0,667,2835,3567,0,305904.0,417.9016393442623,1.1291110905198487,667,324429.0,0.03990058585146775,667,324429.0
2050.0,728,0,671,2842,3570,0,309255.0,424.8008241758242,1.0450311754212593,671,327213.0,0.03765812935003887,671,327213.0
2055.0,727,0,671,2847,3574,0,312610.0,430.0,1.0452613876499135,671,329994.0,0.04036634042084186,671,329994.0
2060.0,730,0,672,2850,3580,0,315969.0,432.8342465753425,1.0855371726615701,672,332788.0,0.046115826196430044,672,332788.0
2065.0,730,0,672,2851,3581,0,319329.0,437.43698630136987,1.0364389288757563,672,335583.0,0.042078685575719456,672,335583.0
2070.0,734,1,676,2854,3588,0,322703.0,439.649863760218,1.045682755169958,676,338390.0,0.04564744631961569,676,338390.0
2075.0,737,0,678,2857,3594,0,326087.0,442.45183175033924,1.0515573008769927,678,341204.0,0.050305853219238514,678,341204.0
2080.0,739,0,680,2858,3597,0,329485.0,445.8525033829499,0.999222987433648,680,344028.0,0.045741097095109394,680,344028.0
2085.0,739,0,685,2860,3599,0,332901.0,450.4749661705007,0.9258947010035045,685,346863.0,0.041408884925534906,685,346863.0
2090.0,744,0,688,2861,3605,0,336332.0,452.05913978494624,0.9659994506384029,688,349698.0,0.0447523658693864,688,349698.0
2095.0,743,2,691,2864,3607,0,339782.0,457.3109017496635,0.8663981506372339,691,352537.0,0.03488057931039823,691,352537.0
2100.0,745,0,698,2867,3612,0,343260.0,460.751677852349,0.8158344592259856,698,355391.0,0.03149199767956641,698,355391.0
2105.0,748,0,699,2868,3616,0,346751.0,463.57085561497325,0.8703521503852177,699,358244.0,0.03588351882054232,699,358244.0
2110.0,744,0,694,2873,3617,0,348491.0,468.4018817204301,0.803707124197796,694,361085.0,0.036798603171090905,694,361085.0
2115.0,747,0,674,2874,3621,0,343181.0,459.4123159303882,0.7953668174346382,674,358902.0,0.034435055359370324,674,358902.0
2120.0,751,0,662,2875,3626,0,339922.0,452.6258322237017,0.9607876278654748,662,358188.0,0.041247519535505185,662,358188.0
2125.0,752,0,640,2876,3628,0,335203.0,445.74867021276594,1.216605302847009,640,356116.0,0.04850405268344675,640,356116.0
2130.0,754,0,622,2877,3631,0,331115.0,439.1445623342175,1.5096309378370374,622,352777.0,0.054135283435914686,622,352777.0
2135.0,755,0,611,2878,3633,0,330125.0,437.25165562913907,1.8262829207181062,611,350173.0,0.06420067803480582,611,350173.0
2140.0,755,0,591,2881,3636,0,325774.0,431.4887417218543,2.0506213373324034,591,347954.0,0.07116849222689216,591,347954.0
2145.0,758,2,569,2881,3639,0,319152.0,421.0448548812665,2.3432720262692444,569,342938.0,0.07691660929312497,569,342938.0
2150.0,759,0,540,2885,3644,0,311219.0,410.03820816864294,2.58310520408993,540,337378.0,0.08476282906301127,540,337378.0
2155.0,759,0,509,2886,3645,0,302852.0,399.0144927536232,2.8138722069947244,509,333654.0,0.09166878877567851,509,333654.0
2160.0,763,0,491,2887,3650,0,299922.0,393.08256880733944,3.104059533831611,491,331741.0,0.10610521825722165,491,331741.0
2165.0,769,1,473,2889,3658,0,296358.0,385.3810143042913,3.39781424608274,473,330236.0,0.12226584110548602,473,330236.0
2170.0,772,0,461,2890,3662,0,293852.0,380.6373056994819,3.6921537454567916,461,329147.0,0.13420978162693417,461,329147.0
2175.0,771,0,449,2894,3665,0,292692.0,379.6264591439689,3.9090934676354965,449,327063.0,0.141517290372204,449,327063.0
2180.0,768,0,440,2900,3668,0,292388.0,380.7135416666667,4.034456670503383,440,325871.0,0.14403719723751132,440,325871.0
2185.0,760,1,436,2910,3670,0,292610.0,385.0131578947368,4.145117151968808,436,323575.0,0.1497339498250559,436,323575.0
2190.0,752,0,430,2922,3674,0,293487.0,390.27526595744683,4.178817031685233,430,321064.0,0.14859697550055187,430,321064.0
2195.0,739,0,426,2940,3679,0,295071.0,399.28416779431666,4.110416076857905,426,318701.0,0.14715531085181396,426,318701.0
2200.0,736,1,418,2949,3685,0,296488.0,402.8369565217391,4.2188608707250586,418,316687.0,0.15589397932070723,418,316687.0
2205.0,730,0,419,2958,3688,0,297929.0,408.12191780821917,4.2913103951471685,419,315385.0,0.15436592808569555,419,315385.0
2210.0,722,0,425,2968,3690,0,299805.0,415.24238227146816,4.3012407824213925,425,314745.0,0.1535086662225853,425,314745.0
2215.0,707,0,427,2984,3691,0,301723.0,426.7652050919378,4.182206859130438,427,313739.0,0.14525186469774606,427,313739.0
2220.0,700,0,435,2994,3694,0,303882.0,434.1171428571429,4.1164771707288565,435,313007.0,0.13649893873282648,435,313007.0
2225.0,690,0,440,3006,3696,0,306054.0,443.55652173913046,3.9967474808351198,440,313098.0,0.12713467042441853,440,313098.0
2230.0,678,0,448,3021,3699,0,308132.0,454.4719764011799,3.8472415964863007,448,313217.0,0.12097117341831375,448,313217.0
2235.0,666,0,454,3034,3700,0,310388.0,466.04804804804803,3.69969300197744,454,313296.0,0.11321027527801651,454,313296.0
2240.0,660,0,460,3044,3704,0,312675.0,473.75,3.605258373418081,460,314090.0,0.10877267943918195,460,314090.0
2245.0,648,0,440,3057,3705,0,314570.0,485.4475308641975,3.480437642034533,440,312881.0,0.10216912901458072,440,312881.0
2250.0,638,0,435,3071,3709,0,316440.0,495.98746081504703,3.3930668226170635,435,312033.0,0.10039433178807769,435,312033.0
2255.0,627,1,431,3085,3712,0,318267.0,507.60287081339715,3.302984153824135,431,311479.0,0.09964908803874167,431,311479.0
2260.0,627,0,427,3090,3717,0,319850.0,510.1275917065391,3.3205850774550774,427,310754.0,0.09731637421735893,427,310754.0
2265.0,613,0,421,3105,3718,0,321290.0,524.1272430668841,3.1536544405397535,421,308944.0,0.09282836750853168,421,308944.0
2270.0,600,0,413,3120,3720,0,322564.0,537.6066666666667,2.9769221093891036,413,306875.0,0.08721864398014238,413,306875.0
2275.0,597,0,416,3126,3723,0,324640.0,543.785594639866,2.933279449865448,416,307957.0,0.08563355612873162,416,307957.0
2280.0,592,0,419,3137,3729,0,326730.0,551.9087837837837,2.917179725441027,419,308953.0,0.09370267141377281,419,308953.0
2285.0,588,0,424,3145,3733,0,328841.0,559.2534013605442,2.8702342590591767,424,310059.0,0.0985479747596648,424,310059.0
2290.0,577,0,429,3157,3734,0,330975.0,573.6135181975736,2.698717638200653,429,311279.0,0.09080933921937835,429,311279.0
2295.0,575,0,437,3166,3741,0,333143.0,579.3791304347826,2.6231787953104924,437,312533.0,0.08736480191789102,437,312533.0
2300.0,579,0,442,3169,3748,0,335337.0,579.1658031088083,2.7432150342871493,442,313868.0,0.09151981739445479,442,313868.0
2305.0,576,0,447,3175,3751,0,337553.0,586.0295138888889,2.659781200482125,447,315190.0,0.0854483365424437,447,315190.0
2310.0,574,0,454,3178,3752,0,339803.0,591.9912891986063,2.646208920843209,454,316182.0,0.07507048920478414,454,316182.0
2315.0,570,0,447,3185,3755,0,341901.0,599.8263157894737,2.6076845543990297,447,316181.0,0.07454262665551416,447,316181.0
2320.0,561,0,437,3196,3757,0,343752.0,612.7486631016043,2.5010913057048447,437,315168.0,0.07578092467560417,437,315168.0
2325.0,555,0,437,3204,3759,0,345873.0,623.1945945945946,2.388073126357544,437,315955.0,0.07686114137101345,437,315955.0
2330.0,548,1,438,3212,3760,0,348054.0,635.1350364963504,2.230840444200637,438,317180.0,0.06993708464477588,438,317180.0
2335.0,548,0,444,3215,3763,0,350262.0,639.1642335766423,2.261285623688821,444,317432.0,0.06770502732307164,444,317432.0
2340.0,546,0,443,3219,3765,0,352437.0,645.489010989011,2.1375558824115433,443,318246.0,0.058646697040977705,443,318246.0
2345.0,543,1,446,3225,3768,0,354654.0,653.1381215469613,2.039128984701884,446,319019.0,0.05784805646146926,446,319019.0
2350.0,542,0,450,3228,3770,0,356885.0,658.459409594096,1.9784118583829224,450,320251.0,0.05180476408082101,450,320251.0
2355.0,540,1,450,3234,3774,0,356087.0,659.4203703703704,1.8352449248324114,450,320001.0,0.046568795146984324,450,320001.0
2360.0,534,2,448,3242,3776,0,342157.0,640.7434456928839,1.6680373208945565,448,318198.0,0.04351524600030718,448,318198.0
2365.0,531,0,449,3249,3780,0,332263.0,625.7306967984935,1.5963809640817006,449,317206.0,0.046295715268935965,449,317206.0
2370.0,526,0,448,3258,3784,0,322255.0,612.6520912547528,1.5640038372658407,448,314560.0,0.05374269483979737,448,314560.0
2375.0,522,0,448,3263,3785,0,310864.0,595.5249042145593,1.4973926265188375,448,315056.0,0.05192944010417267,448,315056.0
2380.0,525,0,446,3264,3789,0,300756.0,572.8685714285714,1.5952543111736868,446,313590.0,0.05571899819625738,446,313590.0
2385.0,526,0,442,3266,3792,0,290804.0,552.8593155893536,1.6778130263950213,442,311979.0,0.058987142882030844,442,311979.0
2390.0,529,0,437,3269,3798,0,283624.0,536.1512287334593,1.7962052129139283,437,310338.0,0.06664180897299497,437,310338.0
2395.0,527,0,435,3276,3803,0,273741.0,519.4326375711574,1.786345591900029,435,311128.0,0.0721906119909216,435,311128.0
2400.0,527,0,429,3277,3804,0,266947.0,506.5407969639469,1.8504711446019495,429,310242.0,0.0736562552760796,429,310242.0
2405.0,525,0,427,3280,3805,0,255908.0,487.44380952380953,1.8337643244151691,427,305870.0,0.0707325238937866,427,305870.0
2410.0,524,0,366,3286,3810,0,206841.0,394.73473282442745,2.061979748307526,366,282170.0,0.09103465543429676,366,282170.0
2415.0,530,0,338,3286,3816,0,190132.0,358.7396226415094,2.518932412344492,338,269315.0,0.11981300102585003,338,269315.0
2420.0,529,0,294,3289,3818,0,156658.0,296.13988657844993,2.7714745230936773,294,261911.0,0.14363927730904308,294,261911.0
2425.0,527,0,299,3291,3818,0,157935.0,299.68690702087287,2.685518928943423,299,265386.0,0.1356741723437182,299,265386.0
2430.0,523,0,317,3297,3820,0,159365.0,304.7131931166348,2.414812864580918,317,267732.0,0.11782228294049983,317,267732.0
2435.0,523,0,326,3299,3822,0,160791.0,307.4397705544933,2.4518827005154358,326,267205.0,0.118408708886615,326,267205.0
2440.0,524,0,338,3301,3825,0,162332.0,309.793893129771,2.320430699946899,338,271126.0,0.10647961047443585,338,271126.0
2445.0,526,1,339,3303,3829,0,163836.0,311.47528517110266,2.387571939333567,339,271468.0,0.11110991226257767,339,271468.0
2450.0,526,0,344,3307,3833,0,165402.0,314.45247148288973,2.337781817912753,344,273026.0,0.11351793065924008,344,273026.0
2455.0,526,0,360,3310,3836,0,167045.0,317.5760456273764,2.1821043209924373,360,274617.0,0.10333528496267361,360,274617.0
2460.0,527,0,367,3313,3840,0,168718.0,320.1480075901328,2.1321064754158536,367,277695.0,0.10218384201245916,367,277695.0
2465.0,531,0,383,3315,3846,0,170475.0,321.045197740113,2.155672424371377,383,277628.0,0.10342601406680133,383,277628.0
2470.0,526,0,386,3320,3846,0,172107.0,327.1996197718631,2.0203559029994542,386,282006.0,0.10098991447890472,386,282006.0
2475.0,527,0,384,3324,3851,0,173260.0,328.76660341555976,1.829282220398233,384,279122.0,0.09143362072195065,384,279122.0
2480.0,526,0,392,3326,3852,0,174605.0,331.9486692015209,1.7052996227848822,392,281707.0,0.0817960831634963,392,281707.0
2485.0,521,0,400,3333,3854,0,175998.0,337.8080614203455,1.5343446449060656,400,283458.0,0.07665648103578725,400,283458.0
2490.0,520,0,400,3337,3857,0,177363.0,341.0826923076923,1.5054729099168391,400,284431.0,0.07442868184576416,400,284431.0
2495.0,525,0,399,3339,3864,0,178806.0,340.58285714285716,1.5267435169390384,399,285334.0,0.07252308659888239,399,285334.0
2500.0,525,0,414,3342,3867,0,180358.0,343.5390476190476,1.5947947561589129,414,284499.0,0.07592350087955776,414,284499.0
2505.0,527,0,409,3342,3869,0,182005.0,345.3605313092979,1.6042309023574197,409,284557.0,0.07050360029203505,409,284557.0
2510.0,528,0,412,3344,3872,0,183510.0,347.5568181818182,1.6279692265466374,412,285518.0,0.07034374496577897,412,285518.0
2515.0,528,0,405,3345,3873,0,184849.0,350.092803030303,1.6474330556189587,405,286148.0,0.06952077025437876,405,286148.0
2520.0,529,0,386,3347,3876,0,185862.0,351.3459357277883,1.7417036446237661,386,277067.0,0.07343293485274986,386,277067.0
2525.0,530,0,375,3348,3878,0,187313.0,353.42075471698115,1.8155183787802387,375,273022.0,0.07495915639956766,375,273022.0
2530.0,531,0,370,3348,3879,0,188977.0,355.8888888888889,1.998432459671688,370,273826.0,0.08407111838572207,370,273826.0
2535.0,533,0,368,3349,3882,0,190597.0,357.59287054409003,2.1063414789842967,368,270843.0,0.08868511199632381,368,270843.0
2540.0,532,0,365,3351,3883,0,192252.0,361.37593984962405,2.1868337268176266,365,267620.0,0.08992519904629816,365,267620.0
2545.0,530,0,374,3353,3883,0,193895.0,365.83962264150944,2.0724664964890245,374,265320.0,0.07751083508466004,374,265320.0
2550.0,527,0,380,3358,3885,0,195639.0,371.2314990512334,1.9856129127917028,380,264250.0,0.0730735788857108,380,264250.0
2555.0,525,0,374,3361,3886,0,197288.0,375.7866666666667,2.0415566444242907,374,259225.0,0.0772714334878658,374,259225.0
2560.0,517,0,361,3369,3886,0,198715.0,384.36170212765956,1.9390364364316233,361,251560.0,0.0749295787366789,361,251560.0
2565.0,515,0,357,3371,3886,0,200208.0,388.7533980582524,1.9168869013759342,357,247805.0,0.07158780654685025,357,247805.0
2570.0,516,0,361,3373,3889,0,201943.0,391.36240310077517,1.9354784618060428,361,244485.0,0.06741881882714186,361,244485.0
2575.0,516,0,368,3375,3891,0,203695.0,394.7577519379845,1.8671067445322216,368,251507.0,0.05957976514180105,368,251507.0
2580.0,517,0,361,3377,3894,0,205384.0,397.2611218568665,1.954882297280341,361,248935.0,0.06414969395844061,361,248935.0
2585.0,513,0,359,3382,3895,0,207129.0,403.7602339181287,2.07119740368479,359,247362.0,0.07477599955898956,359,247362.0
2590.0,510,0,361,3386,3896,0,208893.0,409.59411764705885,2.0190136310970166,361,248247.0,0.07087908833972115,361,248247.0
2595.0,508,0,358,3391,3899,0,210623.0,414.6122047244094,2.0837595281933776,358,244614.0,0.07501404345583333,358,244614.0
2600.0,504,0,363,3395,3899,0,212393.0,421.41468253968253,2.154523647005126,363,243459.0,0.0807430105954022,363,243459.0
2605.0,505,0,364,3397,3902,0,214157.0,424.07326732673266,2.187299183655652,364,243931.0,0.0787873518219086,364,243931.0
2610.0,504,0,369,3400,3904,0,215912.0,428.3968253968254,2.1469955960636935,369,241263.0,0.07038106642303309,369,241263.0
2615.0,502,0,359,3405,3907,0,217667.0,433.5996015936255,2.1538478406311716,359,237320.0,0.07151493478754598,359,237320.0
2620.0,499,0,360,3409,3908,0,219456.0,439.79158316633266,2.2237441824672386,360,235857.0,0.07897140034467173,360,235857.0
2625.0,497,0,366,3411,3908,0,221271.0,445.21327967806843,2.2002555007973696,366,234673.0,0.07122547938999935,366,234673.0
2630.0,493,0,366,3415,3908,0,223080.0,452.4949290060852,2.150578413023042,366,235739.0,0.06838387113726963,366,235739.0
2635.0,491,0,369,3418,3909,0,224907.0,458.0590631364562,2.1202662068583105,369,235033.0,0.06299389537039489,369,235033.0
2640.0,487,0,371,3422,3909,0,226731.0,465.5667351129363,2.0108955702281603,371,237748.0,0.05320704921474682,371,237748.0
2645.0,482,0,373,3428,3910,0,228576.0,474.2240663900415,1.9150571265754988,373,237223.0,0.05052964037052428,373,237223.0
2650.0,481,0,372,3430,3911,0,230416.0,479.03534303534303,1.980168726032678,372,235804.0,0.05212570481438311,372,235804.0
2655.0,479,0,375,3435,3914,0,232276.0,484.9185803757829,1.915005303213058,375,235129.0,0.04961563543014801,375,235129.0
2660.0,479,0,381,3439,3918,0,234151.0,488.8329853862213,1.8899630605938187,381,233811.0,0.047146450624118943,381,233811.0
2665.0,477,0,389,3443,3920,0,236075.0,494.916142557652,1.8380443579919685,389,232739.0,0.039041859524501364,389,232739.0
2670.0,471,0,388,3450,3921,0,237948.0,505.19745222929936,1.778263122689478,388,231428.0,0.0414482596870338,388,231428.0
2675.0,470,0,383,3453,3923,0,239769.0,510.1468085106383,1.8664815139928337,383,230041.0,0.047846740186135,383,230041.0
2680.0,466,0,379,3459,3925,0,241618.0,518.4935622317597,1.878825458518695,379,228816.0,0.05147890455239684,379,228816.0
2685.0,463,0,376,3463,3926,0,243484.0,525.8833693304535,1.926064440260166,376,227564.0,0.05775692974367317,376,227564.0
2690.0,460,0,377,3467,3927,0,245365.0,533.4021739130435,1.885863092376922,377,226366.0,0.05708844061377736,377,226366.0
2695.0,457,0,379,3470,3927,0,247256.0,541.0415754923414,1.8061573060045863,379,225061.0,0.048861996970630414,379,225061.0
2700.0,457,0,381,3470,3927,0,249156.0,545.1991247264771,1.7393212541792618,381,227090.0,0.04185116127689419,381,227090.0
2705.0,453,0,383,3476,3929,0,251057.0,554.2097130242826,1.5868526321963035,383,227468.0,0.040623733038709774,383,227468.0
2710.0,446,0,385,3483,3929,0,252977.0,567.213004484305,1.3206069182176512,385,227884.0,0.03254478043050555,385,227884.0
2715.0,444,0,389,3487,3931,0,254906.0,574.1126126126126,1.1775478069056808,389,229930.0,0.030460987742410944,389,229930.0
2720.0,443,0,392,3489,3932,0,256845.0,579.785553047404,1.0402598013675832,392,230460.0,0.022359377534759948,392,230460.0
2725.0,443,0,392,3491,3934,0,258799.0,584.196388261851,1.0576378995724223,392,230138.0,0.025165668593863683,392,230138.0
2730.0,444,0,394,3494,3938,0,260764.0,587.3063063063063,1.134953185640759,394,230577.0,0.033206035374356194,394,230577.0
2735.0,442,0,394,3499,3941,0,262734.0,594.420814479638,1.1535712332775772,394,230256.0,0.04161086808011633,394,230256.0
2740.0,438,0,396,3504,3942,0,264706.0,604.351598173516,1.0662034741459263,396,229246.0,0.04089325536981404,396,229246.0
2745.0,437,0,396,3506,3943,0,266686.0,610.2654462242563,1.0611677031663858,396,229806.0,0.039458314239743136,396,229806.0
2750.0,436,0,398,3507,3943,0,268676.0,616.2293577981651,1.1033600089089857,398,229005.0,0.037976382286968764,398,229005.0
2755.0,434,0,398,3510,3944,0,270666.0,623.6543778801844,1.0669567895911385,398,228574.0,0.034261038746862336,398,228574.0
2760.0,433,0,399,3511,3944,0,272659.0,629.6974595842956,1.0200319204438975,399,229916.0,0.027750201095142243,399,229916.0
2765.0,432,0,400,3512,3944,0,274657.0,635.7800925925926,0.9829131092768391,400,231259.0,0.026214277844311122,400,231259.0
2770.0,432,0,400,3513,3945,0,276657.0,640.4097222222222,0.9112248241290075,400,232604.0,0.022017093548585127,400,232604.0
2775.0,432,0,404,3514,3946,0,278673.0,645.0763888888889,0.876066695150614,404,233965.0,0.020719326087244715,404,233965.0
2780.0,433,0,405,3515,3948,0,280695.0,648.256351039261,0.8366226619569422,405,235332.0,0.020908841041084772,405,235332.0
2785.0,431,0,406,3517,3948,0,282724.0,655.9721577726218,0.7601815296312164,406,236706.0,0.019333469864542197,406,236706.0
2790.0,431,0,410,3517,3948,0,284759.0,660.6937354988399,0.6554943498231174,410,238086.0,0.011812082115508635,410,238086.0
2795.0,427,0,411,3521,3948,0,286810.0,671.6861826697892,0.490127555479646,411,239482.0,0.008483151516477496,411,239482.0
2800.0,426,0,412,3523,3949,0,288866.0,678.0892018779343,0.44352526570135853,412,240882.0,0.009096149694704498,412,240882.0
2805.0,422,0,412,3528,3950,0,290926.0,689.3981042654028,0.30285949324212796,412,242282.0,0.011096180639886826,412,242282.0
2810.0,419,0,412,3531,3950,0,292986.0,699.2505966587112,0.2173879196046639,412,243682.0,0.01171881146396111,412,243682.0
2815.0,420,0,412,3531,3951,0,295046.0,702.4904761904762,0.24422392938608423,412,245075.0,0.013638787682347739,412,245075.0
2820.0,420,0,413,3532,3952,0,297107.0,707.3976190476191,0.19859340156319502,413,246464.0,0.012388516582050533,413,246464.0
2825.0,422,0,415,3532,3954,0,299178.0,708.9526066350711,0.20454898105444067,415,247860.0,0.013001131536843897,415,247860.0
2830.0,421,0,415,3533,3954,0,301253.0,715.5653206650832,0.19159608753812515,415,249257.0,0.014033315948235568,415,249257.0
2835.0,421,0,415,3533,3954,0,303328.0,720.4940617577197,0.19034682176735881,415,250652.0,0.013940581250476194,415,250652.0
2840.0,423,0,415,3533,3956,0,305403.0,721.9929078014185,0.24279408572053945,415,252047.0,0.017493435591097842,415,252047.0
2845.0,423,0,415,3533,3956,0,307478.0,726.8983451536643,0.2550373098893486,415,253442.0,0.018313036217432417,415,253442.0
2850.0,424,0,415,3533,3957,0,309553.0,730.0778301886793,0.2722304871918812,415,254837.0,0.019105461159778885,415,254837.0
2855.0,424,0,415,3533,3957,0,311628.0,734.9716981132076,0.23684257874982345,415,256232.0,0.0163161433098132,415,256232.0
2860.0,424,0,418,3533,3957,0,313712.0,739.8867924528302,0.1959574935811601,418,257636.0,0.013162162561819221,418,257636.0
2865.0,424,0,420,3533,3957,0,315805.0,744.8231132075472,0.1261837318987522,420,259051.0,0.008125812805444412,420,259051.0
2870.0,425,1,421,3533,3958,0,317909.0,748.0211764705882,0.1345567109196278,421,260479.0,0.008472392065984068,421,260479.0
2875.0,426,0,421,3533,3959,0,320014.0,751.206572769953,0.15600051351701044,421,261903.0,0.010236283894906117,421,261903.0
2880.0,427,0,422,3533,3960,0,322121.0,754.3817330210773,0.1507762989728526,422,263323.0,0.010286096091730314,422,263323.0
2885.0,428,0,423,3533,3961,0,324232.0,757.5514018691589,0.14444098266831495,423,264742.0,0.01020227650330706,423,264742.0
2890.0,428,0,424,3533,3961,0,326349.0,762.4976635514018,0.12961383865995763,424,266164.0,0.009145929778306201,424,266164.0
2895.0,429,0,424,3533,3962,0,328469.0,765.6620046620046,0.15987246482385042,424,267589.0,0.01145976342897244,424,267589.0
2900.0,429,0,424,3533,3962,0,330589.0,770.6037296037296,0.15977338380341505,424,269018.0,0.011452575586645659,424,269018.0
2905.0,429,0,424,3533,3962,0,332709.0,775.5454545454545,0.12490129220083113,424,270444.0,0.00926167440886595,424,270444.0
2910.0,432,0,425,3533,3965,0,334834.0,775.0787037037037,0.19254995321961363,425,271874.0,0.014251042662398097,425,271874.0
2915.0,434,0,426,3533,3967,0,336960.0,776.405529953917,0.23504314761048403,426,273305.0,0.016851421911145355,426,273305.0
2920.0,435,0,426,3533,3968,0,339090.0,779.5172413793103,0.2755539691237008,426,274736.0,0.019524088145972254,426,274736.0
2925.0,435,0,426,3533,3968,0,341220.0,784.4137931034483,0.2876095491837513,426,276166.0,0.020331295884719307,426,276166.0
2930.0,435,0,426,3533,3968,0,343350.0,789.3103448275862,0.27339361382259114,426,277596.0,0.019396026098637022,426,277596.0
2935.0,435,0,427,3533,3968,0,345483.0,794.2137931034483,0.22985664245455764,427,279027.0,0.01625777385351697,427,279027.0
2940.0,435,0,428,3533,3968,0,347622.0,799.1310344827587,0.22514629294943456,428,280461.0,0.015881946833287662,428,280461.0
2945.0,435,0,428,3533,3968,0,349762.0,804.0505747126437,0.20418833985393808,428,281896.0,0.014283287779844065,428,281896.0
2950.0,435,0,429,3533,3968,0,351907.0,808.9816091954023,0.1361039817138359,429,283336.0,0.009167395103604266,429,283336.0
2955.0,435,0,430,3533,3968,0,354057.0,813.9241379310345,0.13028059433554762,430,284781.0,0.008839005656191768,430,284781.0
2960.0,435,0,432,3533,3968,0,356213.0,818.880459770115,0.07792395237938474,432,286227.0,0.005367329694420894,432,286227.0
2965.0,436,0,433,3533,3969,0,358377.0,821.9655963302753,0.051694213993514544,433,287681.0,0.0036480725654617656,433,287681.0
2970.0,437,0,435,3533,3970,0,360550.0,825.0572082379863,0.056186243173944855,435,289144.0,0.004460441423547587,435,289144.0
2975.0,438,0,435,3533,3971,0,362725.0,828.1392694063927,0.08077808690966623,435,290609.0,0.006180619634638231,435,290609.0
2980.0,438,0,435,3533,3971,0,364900.0,833.1050228310502,0.08834484887671659,435,292074.0,0.006701309864784222,435,292074.0
2985.0,439,0,435,3533,3972,0,367075.0,836.1617312072893,0.11781408227187523,435,293534.0,0.008866581342472207,435,293534.0
2990.0,439,0,435,3533,3972,0,369250.0,841.116173120729,0.11944554768427772,435,294992.0,0.008992099508616907,435,294992.0
2995.0,440,0,435,3533,3973,0,371425.0,844.1477272727273,0.14382942672423457,435,296447.0,0.010706786879072163,435,296447.0
3000.0,440,0,435,3533,3973,0,373600.0,849.0909090909091,0.15127816758791407,435,297900.0,0.011218761237098989,435,297900.0
3005.0,440,0,435,3533,3973,0,375775.0,854.0340909090909,0.15007716359137513,435,299350.0,0.011134324422656751,435,299350.0
3010.0,440,0,429,3533,3973,0,374797.0,851.8113636363636,0.14946864719748176,429,300790.0,0.011119467222321327,429,300790.0
3015.0,440,0,401,3533,3973,0,363802.0,826.8227272727273,0.26055995858001896,401,296458.0,0.012234919302185543,401,296458.0
3020.0,440,0,380,3533,3973,0,359618.0,817.3136363636364,0.6040911127165518,380,294330.0,0.02428701197958624,380,294330.0
3025.0,441,0,370,3533,3974,0,360642.0,817.7823129251701,1.105266633963756,370,289507.0,0.03275792575046563,370,289507.0
3030.0,442,0,370,3533,3975,0,362492.0,820.1176470588235,1.612250381063124,370,286048.0,0.0350629412395723,370,286048.0
3035.0,442,0,370,3533,3975,0,364342.0,824.3031674208145,1.9109088583611298,370,284688.0,0.025021641457518604,370,284688.0
3040.0,442,0,370,3533,3975,0,366192.0,828.4886877828054,2.0527615198784726,370,284685.0,0.011233567079002292,370,284685.0
3045.0,442,0,372,3533,3975,0,368044.0,832.6787330316743,2.074474275084137,372,285797.0,0.007772759052622556,372,285797.0
3050.0,442,0,372,3533,3975,0,369904.0,836.8868778280543,2.0636079768771594,372,286905.0,0.005223319067172794,372,286905.0
3055.0,442,0,373,3533,3975,0,371769.0,841.106334841629,2.0662070146108844,373,288015.0,0.005226732507733618,373,288015.0
3060.0,442,0,373,3533,3975,0,373634.0,845.3257918552036,2.084976214319876,373,289125.0,0.0051942163587282986,373,289125.0
3065.0,442,0,373,3533,3975,0,375499.0,849.5452488687782,2.0758189854555904,373,290235.0,0.005193525927297356,373,290235.0
3070.0,442,0,374,3534,3976,0,377365.0,853.7669683257918,2.036454006062799,374,291346.0,0.004955253413968875,374,291346.0
3075.0,441,0,374,3537,3978,0,379235.0,859.9433106575964,1.9771190256546731,374,292461.0,0.009118146211986831,374,292461.0
3080.0,431,0,374,3548,3979,0,381105.0,884.2343387470997,1.6918624879269306,374,293576.0,0.009455919527371051,374,293576.0
3085.0,415,0,375,3564,3979,0,382980.0,922.843373493976,1.242697397433843,375,294696.0,0.010241297737274285,375,294696.0
3090.0,405,0,375,3574,3979,0,384855.0,950.2592592592592,0.9465790118019204,375,295813.0,0.01038988745249654,375,295813.0
3095.0,393,0,375,3586,3979,0,386730.0,984.0458015267176,0.5631298309967007,375,296928.0,0.010293257326361436,375,296928.0
3100.0,381,0,375,3598,3979,0,388605.0,1019.9606299212599,0.20083506461238967,375,298043.0,0.010372818613552512,375,298043.0
3105.0,381,0,375,3599,3980,0,390480.0,1024.8818897637796,0.1992541661920154,375,299158.0,0.012622955826181998,375,299158.0
3110.0,381,0,376,3599,3980,0,392356.0,1029.8057742782153,0.1615091722202855,376,300274.0,0.010395135558377417,376,300274.0
3115.0,380,0,375,3600,3980,0,394230.0,1037.4473684210527,0.12568102923166674,375,301389.0,0.00958180275221989,375,301389.0
3120.0,380,0,377,3600,3980,0,396113.0,1042.4026315789474,0.08979088384624388,377,302495.0,0.006866158554410947,377,302495.0
3125.0,380,0,378,3600,3980,0,398000.0,1047.3684210526317,0.06546969845279203,378,303596.0,0.00515460561032621,378,303596.0
3130.0,380,0,378,3600,3980,0,399890.0,1052.342105263158,0.06572905978691546,378,304690.0,0.005174183317169035,378,304690.0
3135.0,380,0,378,3600,3980,0,401780.0,1057.3157894736842,0.06464120037732378,378,305775.0,0.005088932817209166,378,305775.0
3140.0,380,0,378,3600,3980,0,403670.0,1062.2894736842106,0.064242727310198,378,306860.0,0.0050549338913928685,378,306860.0
3145.0,380,0,380,3600,3980,0,405564.0,1067.2736842105264,1.1418656770426992e-05,380,307942.0,9.053941427703005e-07,380,307942.0
3150.0,380,0,380,3600,3980,0,407464.0,1072.2736842105264,0.0,380,309024.0,0.0,380,309024.0
3155.0,382,0,380,3600,3982,0,409364.0,1071.6335078534032,0.05601870870621173,380,310090.0,0.0038806085782922117,380,310090.0
3160.0,383,0,380,3600,3983,0,411264.0,1073.7963446475196,0.10090027929875171,380,311144.0,0.007081366983423233,380,311144.0
3165.0,384,0,380,3600,3984,0,413164.0,1075.9479166666667,0.12894700282617985,380,312193.0,0.009403842576883687,380,312193.0
3170.0,384,0,381,3600,3984,0,415067.0,1080.9036458333333,0.10457673836055208,381,313230.0,0.007619286251561754,381,313230.0
3175.0,384,0,381,3600,3984,0,416972.0,1085.8645833333333,0.10495544165867994,381,314264.0,0.0076576654838306025,381,314264.0
3180.0,386,0,381,3600,3986,0,418877.0,1085.1735751295337,0.16046217817958303,381,315288.0,0.011018469320956462,381,315288.0
3185.0,386,0,381,3600,3986,0,420782.0,1090.1088082901554,0.1790995471453508,381,316294.0,0.012157906564502604,381,316294.0
3190.0,386,0,382,3600,3986,0,422688.0,1095.0466321243523,0.14942757067778786,382,317291.0,0.01013873446970498,382,317291.0
3195.0,386,0,383,3600,3986,0,424594.0,1099.9844559585492,0.11679576076047508,383,318277.0,0.007718245278001259,383,318277.0
3200.0,386,0,383,3600,3986,0,426509.0,1104.9455958549222,0.1161000302568757,383,319258.0,0.007676501735294231,383,319258.0
3205.0,386,0,383,3600,3986,0,428424.0,1109.9067357512954,0.08428467833658063,383,320236.0,0.005100716054057998,383,320236.0
3210.0,386,0,384,3600,3986,0,430344.0,1114.8808290155441,0.05383038590100041,384,321214.0,0.0032696928026355074,384,321214.0
3215.0,386,0,386,3600,3986,0,432269.0,1119.8678756476684,4.8610277370729285e-06,386,322191.0,2.9816320346733824e-07,386,322191.0
3220.0,386,0,386,3600,3986,0,434199.0,1124.8678756476684,0.0,386,323164.0,0.0,386,323164.0
3225.0,386,0,386,3600,3986,0,436129.0,1129.8678756476684,0.0,386,324117.0,0.0,386,324117.0
3230.0,386,0,386,3600,3986,0,438059.0,1134.8678756476684,0.0,386,325054.0,0.0,386,325054.0
3235.0,386,0,386,3600,3986,0,439989.0,1139.8678756476684,0.0,386,325973.0,0.0,386,325973.0
3240.0,386,0,386,3600,3986,0,441919.0,1144.8678756476684,0.0,386,326885.0,0.0,386,326885.0
3245.0,386,0,386,3600,3986,0,443849.0,1149.8678756476684,0.0,386,327795.0,0.0,386,327795.0
3250.0,386,0,386,3600,3986,0,445779.0,1154.8678756476684,0.0,386,328699.0,0.0,386,328699.0
3255.0,386,0,386,3600,3986,0,447709.0,1159.8678756476684,0.0,386,329597.0,0.0,386,329597.0
3260.0,387,0,386,3600,3987,0,449639.0,1161.857881136951,0.027738605455967093,386,330480.0,0.002011705279785566,386,330480.0
3265.0,387,0,386,3600,3987,0,451569.0,1166.84496124031,0.03480363262455533,386,331352.0,0.002524086930674219,386,331352.0
3270.0,387,0,386,3600,3987,0,453499.0,1171.8320413436693,0.03443352406838931,386,332222.0,0.002497245302398605,386,332222.0
3275.0,387,0,386,3600,3987,0,455429.0,1176.8191214470285,0.034737835405110155,386,333081.0,0.00251931507529154,386,333081.0
3280.0,387,0,386,3600,3987,0,457359.0,1181.8062015503876,0.03445348314833087,386,333936.0,0.002498692807990111,386,333936.0
3285.0,387,0,386,3600,3987,0,459289.0,1186.7932816537468,0.03458272712517412,386,334789.0,0.002508066054637596,386,334789.0
3290.0,387,0,386,3600,3987,0,461219.0,1191.780361757106,0.03520890528720458,386,335637.0,0.002553478788765227,386,335637.0
3295.0,387,0,386,3600,3987,0,463149.0,1196.7674418604652,0.016746065735754774,386,336471.0,0.001214486031380755,386,336471.0
3300.0,387,0,387,3600,3987,0,465082.0,1201.7622739018088,2.4080411735216603e-05,387,337294.0,1.7441370482253289e-06,387,337294.0
3305.0,387,0,387,3600,3987,0,467017.0,1206.7622739018088,0.0,387,338114.0,0.0,387,338114.0
3310.0,387,0,387,3600,3987,0,468952.0,1211.7622739018088,0.0,387,338916.0,0.0,387,338916.0
3315.0,387,0,387,3600,3987,0,470887.0,1216.7622739018088,0.0,387,339711.0,0.0,387,339711.0
3320.0,387,0,387,3600,3987,0,472822.0,1221.7622739018088,0.0,387,340498.0,0.0,387,340498.0
3325.0,387,0,387,3600,3987,0,474757.0,1226.7622739018088,0.0,387,341273.0,0.0,387,341273.0
3330.0,387,0,387,3600,3987,0,476692.0,1231.7622739018088,0.0,387,342038.0,0.0,387,342038.0
3335.0,387,0,387,3600,3987,0,478627.0,1236.7622739018088,0.0,387,342795.0,0.0,387,342795.0
3340.0,387,0,387,3600,3987,0,480562.0,1241.7622739018088,0.0,387,343543.0,0.0,387,343543.0
3345.0,387,0,383,3600,3987,0,481470.0,1244.108527131783,0.007622640320335729,383,344272.0,0.0005801757068236252,383,344272.0
3350.0,388,0,381,3600,3988,0,482815.0,1244.368556701031,0.09382038160646174,381,343590.0,0.002510707123947753,381,343590.0
3355.0,388,0,381,3600,3988,0,484720.0,1249.278350515464,0.16109643099167845,381,344005.0,0.002596365468829593,381,344005.0
3360.0,388,0,381,3600,3988,0,486625.0,1254.1881443298969,0.21397232474784783,381,344668.0,0.002585715788638577,381,344668.0
3365.0,389,0,381,3600,3989,0,488530.0,1255.8611825192802,0.27556255674164604,381,345318.0,0.00520773736441887,381,345318.0
3370.0,391,0,381,3600,3991,0,490435.0,1254.309462915601,0.33207299459677286,381,345960.0,0.00960239689010126,381,345960.0
3375.0,391,0,381,3600,3991,0,492340.0,1259.1815856777494,0.3408688070316508,381,346600.0,0.010296874122476232,381,346600.0
3380.0,391,0,381,3600,3991,0,494245.0,1264.0537084398977,0.3382631839135359,381,347239.0,0.010207771360477928,381,347239.0
3385.0,391,0,381,3600,3991,0,496150.0,1268.925831202046,0.3376730664460186,381,347873.0,0.010143742848665276,381,347873.0
3390.0,391,0,381,3600,3991,0,498055.0,1273.7979539641944,0.3401319196155606,381,348496.0,0.010173450765696198,381,348496.0
3395.0,392,0,381,3600,3992,0,499960.0,1275.408163265306,0.3639534976404315,381,349106.0,0.011918874473912402,381,349106.0
3400.0,392,0,381,3600,3992,0,501865.0,1280.267857142857,0.34244504216405264,381,349701.0,0.010382856979233121,381,349701.0
3405.0,392,0,384,3600,3992,0,503778.0,1285.1479591836735,0.2724704790587779,384,350300.0,0.005084137856506478,384,350300.0
3410.0,389,0,384,3603,3992,0,505698.0,1299.9948586118253,0.16720042342320807,384,350900.0,0.005144748135398819,384,350900.0
3415.0,388,0,384,3604,3992,0,507618.0,1308.2938144329896,0.12922166133437266,384,351496.0,0.0050774721736456235,384,351496.0
3420.0,387,0,384,3606,3993,0,509538.0,1316.6356589147288,0.09654701288143555,384,352084.0,0.006925104245248099,384,352084.0
3425.0,387,0,384,3606,3993,0,511458.0,1321.5968992248063,0.10492728064181021,384,352655.0,0.007476263972380867,384,352655.0
3430.0,387,0,384,3606,3993,0,513378.0,1326.5581395348838,0.08317013751349013,384,353211.0,0.0034433582686708834,384,353211.0
3435.0,387,0,385,3606,3993,0,515301.0,1331.5271317829458,0.07018734864699545,385,353765.0,0.0025350281547046904,385,353765.0
3440.0,387,0,385,3606,3993,0,517226.0,1336.5012919896642,0.07094290569390861,385,354312.0,0.0025730147655458465,385,354312.0
3445.0,387,0,385,3606,3993,0,519151.0,1341.4754521963823,0.06978376203600375,385,354853.0,0.0025118241002840247,385,354853.0
3450.0,388,0,385,3606,3994,0,521076.0,1342.979381443299,0.10152317967912654,385,355393.0,0.004771556533461999,385,355393.0
3455.0,388,0,385,3606,3994,0,523001.0,1347.9407216494844,0.10473837800086927,385,355931.0,0.005086141053132449,385,355931.0
3460.0,388,0,385,3606,3994,0,524926.0,1352.9020618556701,0.10510310798725613,385,356455.0,0.005049246125964031,385,356455.0
3465.0,388,0,385,3606,3994,0,526851.0,1357.8634020618556,0.10537945658646006,385,356961.0,0.005081109754964492,385,356961.0
3470.0,388,0,385,3606,3994,0,528776.0,1362.8247422680413,0.10534900174929261,385,357461.0,0.005063728686090172,385,357461.0
3475.0,388,0,385,3606,3994,0,530701.0,1367.7860824742268,0.10429494571669824,385,357958.0,0.0025045346467474105,385,357958.0
3480.0,388,0,385,3606,3994,0,532626.0,1372.7474226804125,0.10407239331099914,385,358445.0,0.0025212677273736394,385,358445.0
3485.0,388,0,385,3606,3994,0,534551.0,1377.708762886598,0.10636663289638063,385,358925.0,0.002584579847103639,385,358925.0
3490.0,388,0,385,3606,3994,0,536476.0,1382.6701030927834,0.1054836806863577,385,359396.0,0.002567056859027236,385,359396.0
3495.0,387,0,385,3607,3994,0,538401.0,1391.2170542635658,0.07322664149302725,385,359849.0,0.002550575129836256,385,359849.0
3500.0,387,0,385,3607,3994,0,540326.0,1396.1912144702842,0.07219965896003502,385,360286.0,0.002506222396583661,385,360286.0
3505.0,387,0,385,3607,3994,0,542251.0,1401.1653746770025,0.07328064082669133,385,360710.0,0.0,385,360710.0
3510.0,387,0,385,3607,3994,0,544176.0,1406.139534883721,0.07329060648962486,385,361122.0,0.0,385,361122.0
3515.0,388,0,385,3607,3995,0,546101.0,1407.4768041237114,0.1044187806688171,385,361532.0,0.0019166783097778,385,361532.0
3520.0,388,0,385,3607,3995,0,548026.0,1412.4381443298969,0.1126896354145854,385,361935.0,0.00241425584641472,385,361935.0
3525.0,387,0,385,3608,3995,0,549951.0,1421.062015503876,0.07718440413910953,385,362332.0,0.0025483691456370285,385,362332.0
3530.0,387,0,385,3608,3995,0,551876.0,1426.0361757105943,0.07622428879397235,385,362727.0,0.00252662379655666,385,362727.0
3535.0,387,0,385,3608,3995,0,553801.0,1431.0103359173127,0.07574691704758696,385,363119.0,0.002518859622930503,385,363119.0
3540.0,387,0,385,3608,3995,0,555726.0,1435.984496124031,0.07622642074175304,385,363500.0,0.002539852230537652,385,363500.0
3545.0,387,0,385,3608,3995,0,557651.0,1440.9586563307494,0.07716069079348697,385,363865.0,0.0025352245668648827,385,363865.0
3550.0,387,0,385,3608,3995,0,559576.0,1445.9328165374677,0.07663702689837135,385,364213.0,0.0025332135162177212,385,364213.0
3555.0,387,0,385,3608,3995,0,561501.0,1450.906976744186,0.07663567089571086,385,364558.0,0.0025741551430984054,385,364558.0
3560.0,387,0,385,3608,3995,0,563426.0,1455.8811369509044,0.07640790042330581,385,364903.0,0.0,385,364903.0
3565.0,386,0,385,3609,3995,0,565351.0,1464.639896373057,0.0423082017638793,385,365243.0,0.0,385,365243.0
3570.0,386,0,385,3609,3995,0,567276.0,1469.6269430051814,0.04236527549160471,385,365574.0,0.0,385,365574.0
3575.0,386,0,385,3609,3995,0,569201.0,1474.6139896373056,0.04303214616506201,385,365898.0,0.0,385,365898.0
3580.0,386,0,385,3609,3995,0,571126.0,1479.60103626943,0.041838117998133424,385,366218.0,0.0,385,366218.0
3585.0,386,0,385,3609,3995,0,573051.0,1484.5880829015543,0.041892494052003376,385,366536.0,0.0,385,366536.0
3590.0,386,0,385,3609,3995,0,574976.0,1489.5751295336788,0.04188065121360172,385,366851.0,0.0,385,366851.0
3595.0,386,0,385,3609,3995,0,576901.0,1494.562176165803,0.042021708306841016,385,367166.0,0.0,385,367166.0
3600.0,386,0,385,3609,3995,0,578826.0,1499.5492227979275,0.04223273002982545,385,367479.0,0.0,385,367479.0
3605.0,386,0,385,3609,3995,0,580751.0,1504.5362694300518,0.041814505724508046,385,367789.0,0.0,385,367789.0
3610.0,385,0,385,3610,3995,0,582676.0,1513.4441558441558,0.0,385,368092.0,0.0,385,368092.0
3615.0,385,0,385,3610,3995,0,584601.0,1518.4441558441558,0.0,385,368392.0,0.0,385,368392.0
3620.0,385,0,385,3610,3995,0,586526.0,1523.4441558441558,0.0,385,368683.0,0.0,385,368683.0
3625.0,385,0,385,3610,3995,0,588451.0,1528.4441558441558,0.0,385,368968.0,0.0,385,368968.0
3630.0,385,0,385,3610,3995,0,590376.0,1533.4441558441558,0.0,385,369245.0,0.0,385,369245.0
3635.0,386,0,385,3610,3996,0,592301.0,1534.458549222798,0.03181644139625615,385,369520.0,0.002215495243725547,385,369520.0
3640.0,386,0,385,3610,3996,0,594226.0,1539.4455958549222,0.0364910378576698,385,369794.0,0.0025410045015841864,385,369794.0
3645.0,386,0,385,3610,3996,0,596151.0,1544.4326424870467,0.036380722965315776,385,370060.0,0.002533322871942501,385,370060.0
3650.0,386,0,385,3610,3996,0,598076.0,1549.419689119171,0.037146015204365466,385,370325.0,0.002586612971063208,385,370325.0
3655.0,386,0,385,3610,3996,0,600001.0,1554.4067357512954,0.03628328051259718,385,370587.0,0.002526537597378124,385,370587.0
3660.0,386,0,385,3610,3996,0,601926.0,1559.3937823834196,0.0367014457145192,385,370842.0,0.0025556559706245673,385,370842.0
3665.0,386,0,385,3610,3996,0,603851.0,1564.3808290155441,0.036120667784348616,385,371093.0,0.0025152142780440418,385,371093.0
3670.0,386,0,385,3610,3996,0,605776.0,1569.3678756476684,0.036538745097528164,385,371340.0,0.0025443265312757256,385,371340.0
3675.0,386,0,385,3610,3996,0,607701.0,1574.3549222797928,0.03633228903206554,385,371585.0,0.0025299502399308187,385,371585.0
3680.0,386,0,385,3610,3996,0,609626.0,1579.341968911917,0.036732055788538116,385,371830.0,0.0025577874620932193,385,371830.0
3685.0,386,0,385,3610,3996,0,611551.0,1584.3290155440413,0.03712581045787778,385,372075.0,0.0025852060406278826,385,372075.0
3690.0,386,0,385,3610,3996,0,613476.0,1589.3160621761658,0.03660922058635692,385,372319.0,0.0,385,372319.0
3695.0,386,0,385,3610,3996,0,615401.0,1594.30310880829,0.036478703245662235,385,372555.0,0.0,385,372555.0
3700.0,386,0,385,3610,3996,0,617326.0,1599.2901554404145,0.036021106470230775,385,372789.0,0.0,385,372789.0
3705.0,386,0,385,3610,3996,0,619251.0,1604.2772020725388,0.036598386830234565,385,373012.0,0.0,385,373012.0
3710.0,386,0,385,3610,3996,0,621176.0,1609.2642487046633,0.036061909450914656,385,373227.0,0.0,385,373227.0
3715.0,386,0,385,3610,3996,0,623101.0,1614.2512953367875,0.03638079958740753,385,373435.0,0.0,385,373435.0
3720.0,386,0,385,3610,3996,0,625026.0,1619.238341968912,0.03616176040544842,385,373637.0,0.0,385,373637.0
3725.0,386,0,385,3610,3996,0,626951.0,1624.2253886010362,0.03615824087078665,385,373825.0,0.0,385,373825.0
3730.0,386,0,385,3610,3996,0,628876.0,1629.2124352331607,0.036951572888568686,385,374010.0,0.0,385,374010.0
3735.0,386,0,385,3610,3996,0,630801.0,1634.199481865285,0.03620087990959205,385,374195.0,0.0,385,374195.0
3740.0,386,0,385,3610,3996,0,632726.0,1639.1865284974094,0.036193759501848256,385,374379.0,0.0,385,374379.0
3745.0,385,0,385,3611,3996,0,634651.0,1648.4441558441558,0.0,385,374559.0,0.0,385,374559.0
3750.0,385,0,385,3611,3996,0,636576.0,1653.4441558441558,0.0,385,374729.0,0.0,385,374729.0
3755.0,385,0,385,3611,3996,0,638501.0,1658.4441558441558,0.0,385,374899.0,0.0,385,374899.0
3760.0,385,0,385,3611,3996,0,640426.0,1663.4441558441558,0.0,385,375066.0,0.0,385,375066.0
3765.0,385,0,385,3611,3996,0,642351.0,1668.4441558441558,0.0,385,375228.0,0.0,385,375228.0
3770.0,385,0,385,3611,3996,0,644276.0,1673.4441558441558,0.0,385,375388.0,0.0,385,375388.0
3775.0,385,0,385,3611,3996,0,646201.0,1678.4441558441558,0.0,385,375537.0,0.0,385,375537.0
3780.0,385,0,385,3611,3996,0,648126.0,1683.4441558441558,0.0,385,375682.0,0.0,385,375682.0
3785.0,385,0,385,3611,3996,0,650051.0,1688.4441558441558,0.0,385,375823.0,0.0,385,375823.0
3790.0,385,0,385,3611,3996,0,651976.0,1693.4441558441558,0.0,385,375962.0,0.0,385,375962.0
3795.0,385,0,385,3611,3996,0,653901.0,1698.4441558441558,0.0,385,376096.0,0.0,385,376096.0
3800.0,385,0,385,3611,3996,0,655826.0,1703.4441558441558,0.0,385,376226.0,0.0,385,376226.0
3805.0,385,0,385,3611,3996,0,657751.0,1708.4441558441558,0.0,385,376356.0,0.0,385,376356.0
3810.0,385,0,385,3611,3996,0,659676.0,1713.4441558441558,0.0,385,376486.0,0.0,385,376486.0
3815.0,385,0,385,3611,3996,0,661601.0,1718.4441558441558,0.0,385,376616.0,0.0,385,376616.0
3820.0,385,0,385,3611,3996,0,663526.0,1723.4441558441558,0.0,385,376745.0,0.0,385,376745.0
3825.0,385,0,385,3611,3996,0,665451.0,1728.4441558441558,0.0,385,376870.0,0.0,385,376870.0
3830.0,385,0,385,3611,3996,0,667376.0,1733.4441558441558,0.0,385,376995.0,0.0,385,376995.0
3835.0,385,0,385,3611,3996,0,669301.0,1738.4441558441558,0.0,385,377120.0,0.0,385,377120.0
3840.0,385,0,385,3611,3996,0,671226.0,1743.4441558441558,0.0,385,377245.0,0.0,385,377245.0
3845.0,385,0,385,3611,3996,0,673151.0,1748.4441558441558,0.0,385,377370.0,0.0,385,377370.0
3850.0,385,0,385,3611,3996,0,675076.0,1753.4441558441558,0.0,385,377495.0,0.0,385,377495.0
3855.0,385,0,385,3611,3996,0,677001.0,1758.4441558441558,0.0,385,377620.0,0.0,385,377620.0
3860.0,385,0,385,3611,3996,0,678926.0,1763.4441558441558,0.0,385,377743.0,0.0,385,377743.0
3865.0,385,0,385,3611,3996,0,680851.0,1768.4441558441558,0.0,385,377861.0,0.0,385,377861.0
3870.0,385,0,385,3611,3996,0,682776.0,1773.4441558441558,0.0,385,377972.0,0.0,385,377972.0
3875.0,385,0,385,3611,3996,0,684701.0,1778.4441558441558,0.0,385,378082.0,0.0,385,378082.0
3880.0,385,0,385,3611,3996,0,686626.0,1783.4441558441558,0.0,385,378190.0,0.0,385,378190.0
3885.0,385,0,385,3611,3996,0,688551.0,1788.4441558441558,0.0,385,378294.0,0.0,385,378294.0
3890.0,385,0,385,3611,3996,0,690476.0,1793.4441558441558,0.0,385,378394.0,0.0,385,378394.0
3895.0,385,0,385,3611,3996,0,692401.0,1798.4441558441558,0.0,385,378494.0,0.0,385,378494.0
3900.0,385,0,385,3611,3996,0,694326.0,1803.4441558441558,0.0,385,378594.0,0.0,385,378594.0
3905.0,385,0,385,3611,3996,0,696251.0,1808.4441558441558,0.0,385,378694.0,0.0,385,378694.0
3910.0,385,0,385,3611,3996,0,698176.0,1813.4441558441558,0.0,385,378789.0,0.0,385,378789.0
3915.0,385,0,385,3611,3996,0,700101.0,1818.4441558441558,0.0,385,378883.0,0.0,385,378883.0
3920.0,385,0,385,3611,3996,0,702026.0,1823.4441558441558,0.0,385,378973.0,0.0,385,378973.0
3925.0,385,0,385,3611,3996,0,703951.0,1828.4441558441558,0.0,385,379063.0,0.0,385,379063.0
3930.0,385,0,385,3611,3996,0,705876.0,1833.4441558441558,0.0,385,379153.0,0.0,385,379153.0
3935.0,385,0,385,3611,3996,0,707801.0,1838.4441558441558,0.0,385,379243.0,0.0,385,379243.0
3940.0,385,0,385,3611,3996,0,709726.0,1843.4441558441558,0.0,385,379333.0,0.0,385,379333.0
3945.0,385,0,385,3611,3996,0,711651.0,1848.4441558441558,0.0,385,379423.0,0.0,385,379423.0
3950.0,385,0,385,3611,3996,0,713576.0,1853.4441558441558,0.0,385,379513.0,0.0,385,379513.0
3955.0,386,0,385,3611,3997,0,715501.0,1853.6295336787564,0.034642058137835635,385,379597.0,0.0019732800566746385,385,379597.0
3960.0,386,0,385,3611,3997,0,717426.0,1858.6165803108809,0.04404329439749401,385,379677.0,0.0025087930433874243,385,379677.0
3965.0,386,0,385,3611,3997,0,719351.0,1863.603626943005,0.044763136241369086,385,379757.0,0.0025497966566492814,385,379757.0
3970.0,386,0,385,3611,3997,0,721276.0,1868.5906735751296,0.044659841865777664,385,379837.0,0.0025439128049880954,385,379837.0
3975.0,386,0,385,3611,3997,0,723201.0,1873.5777202072538,0.0446134878433505,385,379917.0,0.0025412723883119783,385,379917.0
3980.0,386,0,385,3611,3997,0,725126.0,1878.5647668393783,0.025403619231075952,385,379997.0,0.0014470403287409992,385,379997.0
3985.0,386,0,385,3611,3997,0,727051.0,1883.5518134715026,0.00486246389752267,385,380077.0,0.0002769755479626763,385,380077.0
3990.0,386,0,386,3611,3997,0,728977.0,1888.541450777202,9.098357745911711e-06,386,380158.0,5.182604283228219e-07,386,380158.0
3995.0,386,0,386,3611,3997,0,730907.0,1893.541450777202,0.0,386,380243.0,0.0,386,380243.0
4000.0,386,0,386,3611,3997,0,732837.0,1898.541450777202,0.0,386,380328.0,0.0,386,380328.0
4005.0,386,0,386,3611,3997,0,734767.0,1903.541450777202,0.0,386,380413.0,0.0,386,380413.0
4010.0,386,0,386,3611,3997,0,736697.0,1908.541450777202,0.0,386,380498.0,0.0,386,380498.0
4015.0,386,0,386,3611,3997,0,738627.0,1913.541450777202,0.0,386,380580.0,0.0,386,380580.0
4020.0,386,0,386,3611,3997,0,740557.0,1918.541450777202,0.0,386,380660.0,0.0,386,380660.0
4025.0,386,0,386,3611,3997,0,742487.0,1923.541450777202,0.0,386,380740.0,0.0,386,380740.0
4030.0,386,0,386,3611,3997,0,744417.0,1928.541450777202,0.0,386,380820.0,0.0,386,380820.0
4035.0,386,0,386,3611,3997,0,746347.0,1933.541450777202,0.0,386,380900.0,0.0,386,380900.0
4040.0,386,0,386,3611,3997,0,748277.0,1938.541450777202,0.0,386,380980.0,0.0,386,380980.0
4045.0,386,0,386,3611,3997,0,750207.0,1943.541450777202,0.0,386,381060.0,0.0,386,381060.0
4050.0,386,0,386,3611,3997,0,752137.0,1948.541450777202,0.0,386,381140.0,0.0,386,381140.0
4055.0,386,0,386,3611,3997,0,754067.0,1953.541450777202,0.0,386,381220.0,0.0,386,381220.0
4060.0,386,0,386,3611,3997,0,755997.0,1958.541450777202,0.0,386,381300.0,0.0,386,381300.0
4065.0,386,0,386,3611,3997,0,757927.0,1963.541450777202,0.0,386,381380.0,0.0,386,381380.0
4070.0,386,0,386,3611,3997,0,759857.0,1968.541450777202,0.0,386,381459.0,0.0,386,381459.0
4075.0,386,0,386,3611,3997,0,761787.0,1973.541450777202,0.0,386,381534.0,0.0,386,381534.0
4080.0,386,0,386,3611,3997,0,763717.0,1978.541450777202,0.0,386,381609.0,0.0,386,381609.0
4085.0,386,0,384,3611,3997,0,760032.0,1968.9948186528497,0.003553747248937197,384,380888.0,0.00012732458293377276,384,380888.0
4090.0,386,0,375,3611,3997,0,733946.0,1901.4145077720207,0.05725048800396466,375,378025.0,0.001318357302301902,375,378025.0
4095.0,386,0,360,3611,3997,0,683085.0,1769.6502590673574,0.13255017266672384,360,374088.0,0.003964973262961109,360,374088.0
4100.0,386,0,350,3611,3997,0,630643.0,1633.7901554404145,0.19758438747407797,350,374011.0,0.0058422739828398445,350,374011.0
4105.0,386,0,343,3611,3997,0,579076.0,1500.19689119171,0.2261322954745745,343,373903.0,0.005767773682374606,343,373903.0
4110.0,386,0,338,3611,3997,0,529949.0,1372.9248704663212,0.22706296764584402,338,373754.0,0.005618008277053638,338,373754.0
4115.0,386,0,335,3611,3997,0,481393.0,1247.1321243523316,0.2280914749824825,335,373608.0,0.005729708869699627,335,373608.0
4120.0,386,0,333,3611,3997,0,434172.0,1124.7979274611398,0.2324640149065238,333,373441.0,0.005881864087615533,333,373441.0
4125.0,386,0,332,3611,3997,0,395005.0,1023.3290155440415,0.22655699207203914,332,373262.0,0.005605830393764688,332,373262.0
4130.0,386,0,330,3611,3997,0,360339.0,933.520725388601,0.241043338638202,330,373063.0,0.006776382394556348,330,373063.0
4135.0,386,0,332,3611,3997,0,333421.0,863.7849740932643,0.22226986565393228,332,371954.0,0.005340260488440677,332,371954.0
4140.0,386,0,344,3611,3997,0,318945.0,826.2823834196892,0.20170502991377817,344,371810.0,0.003880361506023159,344,371810.0
4145.0,385,0,351,3612,3997,0,294373.0,764.6051948051949,0.1380121964696582,351,371705.0,0.0019268189502631955,351,371705.0
4150.0,384,0,356,3613,3997,0,277133.0,721.7005208333334,0.10602944933577836,356,371634.0,0.002301156184741147,356,371634.0
4155.0,382,0,351,3615,3997,0,255832.0,669.717277486911,0.044530966337380344,351,371546.0,0.0032197414942960775,351,371546.0
4160.0,382,0,347,3615,3997,0,237454.0,621.6073298429319,0.04750725329093602,347,371435.0,0.0033368969368075515,347,371435.0
4165.0,382,0,343,3615,3997,0,216420.0,566.5445026178011,0.049150450097520317,343,371311.0,0.003615046730699813,343,371311.0
4170.0,382,0,344,3615,3997,0,201399.0,527.2225130890052,0.045923717097175396,344,371183.0,0.003462767013348215,344,371183.0
4175.0,382,0,344,3615,3997,0,184653.0,483.3848167539267,0.04609129922271774,344,371036.0,0.0033053063639832394,344,371036.0
4180.0,383,0,340,3615,3998,0,170849.0,446.0809399477807,0.06953797877844574,340,370889.0,0.005081206969752071,340,370889.0
4185.0,383,0,344,3615,3998,0,158834.0,414.710182767624,0.07078245142836327,344,370742.0,0.00517543554623852,344,370742.0
4190.0,383,0,352,3615,3998,0,156562.0,408.7780678851175,0.06335661922763443,352,370630.0,0.0046907823660985075,352,370630.0
4195.0,383,0,355,3615,3998,0,150689.0,393.44386422976504,0.05775137078714462,355,370542.0,0.004321204354171017,355,370542.0
4200.0,383,0,356,3615,3998,0,146346.0,382.1044386422976,0.05704323597134911,356,370457.0,0.004299872218473495,356,370457.0
4205.0,383,0,358,3615,3998,0,147954.0,386.3028720626632,0.054476563692170715,358,370371.0,0.004087884415949097,358,370371.0
4210.0,383,0,361,3615,3998,0,149698.0,390.8563968668407,0.05234054013133465,361,370300.0,0.003960044274133173,361,370300.0
4215.0,383,0,366,3615,3998,0,151302.0,395.0443864229765,0.04892067816914218,366,370244.0,0.003702049910143459,366,370244.0
4220.0,383,0,367,3615,3998,0,152995.0,399.46475195822455,0.04510249488803183,367,370198.0,0.0034279081047923067,367,370198.0
4225.0,383,0,370,3615,3998,0,154675.0,403.85117493472586,0.04485713144762676,370,370163.0,0.003415608636579785,370,370163.0
4230.0,383,0,370,3615,3998,0,156354.0,408.23498694516974,0.04283026017372379,370,370132.0,0.0032531486392566034,370,370132.0
4235.0,383,0,373,3615,3998,0,158165.0,412.96344647519584,0.04137548457122733,373,370108.0,0.003125778295840995,373,370108.0
4240.0,383,0,377,3615,3998,0,160039.0,417.8563968668407,0.03707823326126301,377,370103.0,0.000301302104266047,377,370103.0
4245.0,384,0,380,3615,3999,0,161928.0,421.6875,0.061177956918464726,380,370116.0,0.002362086701034561,380,370116.0
4250.0,384,0,382,3615,3999,0,163832.0,426.6458333333333,0.06349684605960378,382,370144.0,0.0025828459856219936,382,370144.0
4255.0,384,0,382,3615,3999,0,165742.0,431.6197916666667,0.06268028488665096,382,370174.0,0.0025518802314649703,382,370174.0
4260.0,384,0,382,3615,3999,0,167652.0,436.59375,0.0631312874157563,382,370204.0,0.002520202905864813,382,370204.0
4265.0,384,0,382,3615,3999,0,169562.0,441.5677083333333,0.06382696581216739,382,370234.0,0.00256292662838748,382,370234.0
4270.0,384,0,382,3615,3999,0,171472.0,446.5416666666667,0.06316215100297629,382,370264.0,0.0025065383726088964,382,370264.0
4275.0,384,0,382,3615,3999,0,173382.0,451.515625,0.06357443217166688,382,370294.0,0.0025413718166977808,382,370294.0
4280.0,384,0,382,3615,3999,0,175292.0,456.4895833333333,0.06400038110678392,382,370324.0,0.002593768541635778,382,370324.0
4285.0,384,0,382,3615,3999,0,177202.0,461.4635416666667,0.0635609133572304,382,370354.0,0.0025492860232734713,382,370354.0
4290.0,384,0,382,3615,3999,0,179112.0,466.4375,0.06428877447585457,382,370384.0,0.0026066888085639456,382,370384.0
4295.0,384,0,382,3615,3999,0,181022.0,471.4114583333333,0.06296093183452378,382,370414.0,0.0025579376467640916,382,370414.0
4300.0,383,0,382,3616,3999,0,182932.0,477.62924281984334,0.029651160173640046,382,370441.0,0.002551957866684572,382,370441.0
4305.0,383,0,382,3616,3999,0,184842.0,482.6161879895561,0.030263830291876223,382,370466.0,0.002604684921844608,382,370466.0
4310.0,383,0,382,3616,3999,0,186752.0,487.6031331592689,0.027032806294695788,382,370491.0,0.0023266065232630724,382,370491.0
4315.0,383,0,383,3616,3999,0,188664.0,492.5953002610966,1.0367028551428617e-05,383,370518.0,8.92249069211176e-07,383,370518.0
4320.0,384,0,383,3616,4000,0,190579.0,496.2994791666667,0.028010578917928797,383,370548.0,0.0017838127855484725,383,370548.0
4325.0,384,0,383,3616,4000,0,192494.0,501.2864583333333,0.03879578460691846,383,370578.0,0.0024706528490530386,383,370578.0
4330.0,384,0,383,3616,4000,0,194409.0,506.2734375,0.040521533888566975,383,370608.0,0.002580554670156968,383,370608.0
4335.0,384,0,383,3616,4000,0,196324.0,511.2604166666667,0.04046655568842224,383,370638.0,0.0025770534638223197,383,370638.0
4340.0,384,0,383,3616,4000,0,198239.0,516.2473958333334,0.039709730195195594,383,370668.0,0.002528856138261776,383,370668.0
4345.0,384,0,383,3616,4000,0,200154.0,521.234375,0.04022356713006225,383,370698.0,0.002561579092570853,383,370698.0
4350.0,384,0,383,3616,4000,0,202069.0,526.2213541666666,0.03430144542185937,383,370728.0,0.0021844374257877805,383,370728.0
4355.0,384,0,384,3616,4000,0,203986.0,531.2135416666666,4.914900234472168e-06,384,370760.0,3.129982391165417e-07,384,370760.0
4360.0,384,0,384,3616,4000,0,205906.0,536.2135416666666,0.0,384,370795.0,0.0,384,370795.0
4365.0,384,0,384,3616,4000,0,207826.0,541.2135416666666,0.0,384,370830.0,0.0,384,370830.0
4370.0,384,0,384,3616,4000,0,209746.0,546.2135416666666,0.0,384,370865.0,0.0,384,370865.0
4375.0,384,0,384,3616,4000,0,211666.0,551.2135416666666,0.0,384,370900.0,0.0,384,370900.0
4380.0,384,0,384,3616,4000,0,213586.0,556.2135416666666,0.0,384,370935.0,0.0,384,370935.0
4385.0,384,0,384,3616,4000,0,215506.0,561.2135416666666,0.0,384,370970.0,0.0,384,370970.0
4390.0,384,0,384,3616,4000,0,217426.0,566.2135416666666,0.0,384,371005.0,0.0,384,371005.0
4395.0,384,0,384,3616,4000,0,219346.0,571.2135416666666,0.0,384,371040.0,0.0,384,371040.0
4400.0,384,0,384,3616,4000,0,221266.0,576.2135416666666,0.0,384,371075.0,0.0,384,371075.0
4405.0,384,0,384,3616,4000,0,223186.0,581.2135416666666,0.0,384,371102.0,0.0,384,371102.0
4410.0,384,0,384,3616,4000,0,225106.0,586.2135416666666,0.0,384,371122.0,0.0,384,371122.0
4415.0,384,0,384,3616,4000,0,227026.0,591.2135416666666,0.0,384,371142.0,0.0,384,371142.0
4420.0,384,0,384,3616,4000,0,228946.0,596.2135416666666,0.0,384,371162.0,0.0,384,371162.0
4425.0,384,0,384,3616,4000,0,230866.0,601.2135416666666,0.0,384,371182.0,0.0,384,371182.0
4430.0,384,0,384,3616,4000,0,232786.0,606.2135416666666,2.874554150342321e-07,384,371202.0,2.067859139860409e-08,384,371202.0
4435.0,384,0,384,3616,4000,0,234706.0,611.2135416666666,0.0,384,371219.0,0.0,384,371219.0
4440.0,384,0,384,3616,4000,0,236626.0,616.2135416666666,3.12729534513883e-07,384,371234.0,2.5704675541699983e-08,384,371234.0
4445.0,384,0,384,3616,4000,0,238546.0,621.2135416666666,3.4830627226771917e-07,384,371249.0,2.137588058957822e-08,384,371249.0
4450.0,384,0,384,3616,4000,0,240466.0,626.2135416666666,0.0,384,371264.0,0.0,384,371264.0
4455.0,384,0,384,3616,4000,0,242386.0,631.2135416666666,0.0,384,371279.0,0.0,384,371279.0
4460.0,384,0,384,3616,4000,0,244306.0,636.2135416666666,0.0,384,371294.0,0.0,384,371294.0
4465.0,384,0,384,3616,4000,0,246226.0,641.2135416666666,0.0,384,371309.0,0.0,384,371309.0
4470.0,384,0,384,3616,4000,0,248146.0,646.2135416666666,0.0,384,371324.0,0.0,384,371324.0
4475.0,384,0,384,3616,4000,0,250066.0,651.2135416666666,0.0,384,371339.0,0.0,384,371339.0
4480.0,384,0,384,3616,4000,0,251986.0,656.2135416666666,0.0,384,371354.0,0.0,384,371354.0
4485.0,384,0,384,3616,4000,0,253906.0,661.2135416666666,0.0,384,371369.0,0.0,384,371369.0
4490.0,384,0,384,3616,4000,0,255826.0,666.2135416666666,0.0,384,371384.0,0.0,384,371384.0
4495.0,384,0,384,3616,4000,0,257746.0,671.2135416666666,0.0,384,371399.0,0.0,384,371399.0
4500.0,384,0,384,3616,4000,0,259666.0,676.2135416666666,0.0,384,371414.0,0.0,384,371414.0
4505.0,384,0,384,3616,4000,0,261586.0,681.2135416666666,0.0,384,371429.0,0.0,384,371429.0
4510.0,384,0,384,3616,4000,0,263506.0,686.2135416666666,0.0,384,371444.0,0.0,384,371444.0
4515.0,384,0,384,3616,4000,0,265426.0,691.2135416666666,0.0,384,371459.0,0.0,384,371459.0
4520.0,384,0,384,3616,4000,0,267346.0,696.2135416666666,0.0,384,371474.0,0.0,384,371474.0
4525.0,384,0,384,3616,4000,0,269266.0,701.2135416666666,0.0,384,371489.0,0.0,384,371489.0
4530.0,384,0,384,3616,4000,0,271186.0,706.2135416666666,0.0,384,371504.0,0.0,384,371504.0
4535.0,384,0,384,3616,4000,0,273106.0,711.2135416666666,0.0,384,371519.0,0.0,384,371519.0
4540.0,384,0,384,3616,4000,0,275026.0,716.2135416666666,0.0,384,371534.0,0.0,384,371534.0
4545.0,384,0,384,3616,4000,0,276946.0,721.2135416666666,0.0,384,371549.0,0.0,384,371549.0
4550.0,384,0,384,3616,4000,0,278866.0,726.2135416666666,0.0,384,371564.0,0.0,384,371564.0
4555.0,384,0,384,3616,4000,0,280786.0,731.2135416666666,0.0,384,371579.0,0.0,384,371579.0
4560.0,384,0,384,3616,4000,0,282706.0,736.2135416666666,0.0,384,371594.0,0.0,384,371594.0
4565.0,384,0,384,3616,4000,0,284626.0,741.2135416666666,0.0,384,371609.0,0.0,384,371609.0
4570.0,384,0,384,3616,4000,0,286546.0,746.2135416666666,0.0,384,371624.0,0.0,384,371624.0
4575.0,384,0,384,3616,4000,0,288466.0,751.2135416666666,0.0,384,371639.0,0.0,384,371639.0
4580.0,384,0,384,3616,4000,0,290386.0,756.2135416666666,0.0,384,371654.0,0.0,384,371654.0
4585.0,384,0,384,3616,4000,0,292306.0,761.2135416666666,0.0,384,371669.0,0.0,384,371669.0
4590.0,384,0,384,3616,4000,0,294226.0,766.2135416666666,0.0,384,371684.0,0.0,384,371684.0
4595.0,384,0,384,3616,4000,0,296146.0,771.2135416666666,0.0,384,371699.0,0.0,384,371699.0
4600.0,384,0,384,3616,4000,0,298066.0,776.2135416666666,0.0,384,371714.0,0.0,384,371714.0
4605.0,384,0,384,3616,4000,0,299986.0,781.2135416666666,0.0,384,371729.0,0.0,384,371729.0
4610.0,384,0,384,3616,4000,0,301906.0,786.2135416666666,0.0,384,371744.0,0.0,384,371744.0
4615.0,384,0,384,3616,4000,0,303826.0,791.2135416666666,0.0,384,371759.0,0.0,384,371759.0
4620.0,384,0,384,3616,4000,0,305746.0,796.2135416666666,0.0,384,371774.0,0.0,384,371774.0
4625.0,384,0,384,3616,4000,0,307666.0,801.2135416666666,0.0,384,371789.0,0.0,384,371789.0
4630.0,384,0,384,3616,4000,0,309586.0,806.2135416666666,0.0,384,371804.0,0.0,384,371804.0
4635.0,384,0,384,3616,4000,0,311506.0,811.2135416666666,0.0,384,371819.0,0.0,384,371819.0
4640.0,384,0,384,3616,4000,0,313426.0,816.2135416666666,0.0,384,371834.0,0.0,384,371834.0
4645.0,384,0,384,3616,4000,0,315346.0,821.2135416666666,0.0,384,371849.0,0.0,384,371849.0
4650.0,384,0,384,3616,4000,0,317266.0,826.2135416666666,0.0,384,371864.0,0.0,384,371864.0
4655.0,384,0,384,3616,4000,0,319186.0,831.2135416666666,0.0,384,371879.0,0.0,384,371879.0
4660.0,384,0,384,3616,4000,0,321106.0,836.2135416666666,0.0,384,371894.0,0.0,384,371894.0
4665.0,384,0,384,3616,4000,0,323026.0,841.2135416666666,0.0,384,371909.0,0.0,384,371909.0
4670.0,384,0,384,3616,4000,0,324946.0,846.2135416666666,0.0,384,371924.0,0.0,384,371924.0
4675.0,384,0,384,3616,4000,0,326866.0,851.2135416666666,0.0,384,371939.0,0.0,384,371939.0
4680.0,384,0,384,3616,4000,0,328786.0,856.2135416666666,0.0,384,371954.0,0.0,384,371954.0
4685.0,384,0,382,3616,4000,0,329050.0,856.9010416666666,0.0031678170738208187,382,371967.0,0.00023840797055573476,382,371967.0
4690.0,384,0,382,3616,4000,0,330960.0,861.875,0.02259278547201878,382,370607.0,0.0,382,370607.0
4695.0,384,0,382,3616,4000,0,332870.0,866.8489583333334,0.04163668489036354,382,370617.0,0.0,382,370617.0
4700.0,384,0,382,3616,4000,0,334780.0,871.8229166666666,0.06129536277846152,382,370627.0,0.0,382,370627.0
4705.0,384,0,382,3616,4000,0,336690.0,876.796875,0.06823250303359231,382,370637.0,0.0,382,370637.0
4710.0,384,0,382,3616,4000,0,338600.0,881.7708333333334,0.06780830597505211,382,370647.0,0.0,382,370647.0
4715.0,384,0,382,3616,4000,0,340510.0,886.7447916666666,0.06772155277306345,382,370657.0,0.0,382,370657.0
4720.0,384,0,382,3616,4000,0,342420.0,891.71875,0.06785356261513026,382,370667.0,0.0,382,370667.0
4725.0,384,0,382,3616,4000,0,344330.0,896.6927083333334,0.06811832696866617,382,370677.0,0.0,382,370677.0
4730.0,384,0,382,3616,4000,0,346240.0,901.6666666666666,0.06833037083139298,382,370687.0,0.0,382,370687.0
4735.0,384,0,382,3616,4000,0,348150.0,906.640625,0.06849604589421016,382,370697.0,0.0,382,370697.0
4740.0,384,0,382,3616,4000,0,350060.0,911.6145833333334,0.06740469847533187,382,370707.0,0.0,382,370707.0
4745.0,384,0,382,3616,4000,0,351970.0,916.5885416666666,0.06853614637114268,382,370717.0,0.0,382,370717.0
4750.0,383,0,382,3617,4000,0,353880.0,923.9686684073107,0.029640416841289277,382,370727.0,0.0,382,370727.0
4755.0,383,0,382,3617,4000,0,355790.0,928.9556135770235,0.029809559690993737,382,370737.0,0.0,382,370737.0
4760.0,383,0,382,3617,4000,0,357700.0,933.9425587467363,0.030073623202553034,382,370747.0,0.0,382,370747.0
4765.0,382,0,382,3618,4000,0,359610.0,941.3874345549738,0.0,382,370757.0,0.0,382,370757.0
4770.0,382,0,382,3618,4000,0,361520.0,946.3874345549738,0.0,382,370767.0,0.0,382,370767.0
4775.0,382,0,382,3618,4000,0,363430.0,951.3874345549738,0.0,382,370777.0,0.0,382,370777.0
4780.0,382,0,382,3618,4000,0,365340.0,956.3874345549738,0.0,382,370787.0,0.0,382,370787.0
4785.0,382,0,382,3618,4000,0,367250.0,961.3874345549738,0.0,382,370797.0,0.0,382,370797.0
4790.0,382,0,382,3618,4000,0,369160.0,966.3874345549738,0.0,382,370807.0,0.0,382,370807.0
4795.0,382,0,382,3618,4000,0,371070.0,971.3874345549738,0.0,382,370817.0,0.0,382,370817.0
4800.0,382,0,382,3618,4000,0,372980.0,976.3874345549738,0.0,382,370827.0,0.0,382,370827.0
4805.0,382,0,382,3618,4000,0,374890.0,981.3874345549738,0.0,382,370837.0,0.0,382,370837.0
4810.0,382,0,382,3618,4000,0,376800.0,986.3874345549738,0.0,382,370847.0,0.0,382,370847.0
4815.0,382,0,382,3618,4000,0,378710.0,991.3874345549738,0.0,382,370857.0,0.0,382,370857.0
4820.0,382,0,382,3618,4000,0,380620.0,996.3874345549738,0.0,382,370867.0,0.0,382,370867.0
4825.0,382,0,382,3618,4000,0,382530.0,1001.3874345549738,0.0,382,370877.0,0.0,382,370877.0
4830.0,382,0,382,3618,4000,0,384440.0,1006.3874345549738,0.0,382,370887.0,0.0,382,370887.0
4835.0,382,0,382,3618,4000,0,386350.0,1011.3874345549738,0.0,382,370897.0,0.0,382,370897.0
4840.0,382,0,382,3618,4000,0,388260.0,1016.3874345549738,0.0,382,370907.0,0.0,382,370907.0
4845.0,382,0,382,3618,4000,0,390170.0,1021.3874345549738,0.0,382,370917.0,0.0,382,370917.0
4850.0,382,0,382,3618,4000,0,392080.0,1026.3874345549739,0.0,382,370927.0,0.0,382,370927.0
4855.0,382,0,382,3618,4000,0,393990.0,1031.3874345549739,0.0,382,370937.0,0.0,382,370937.0
4860.0,382,0,382,3618,4000,0,395900.0,1036.3874345549739,0.0,382,370947.0,0.0,382,370947.0
4865.0,382,0,382,3618,4000,0,397810.0,1041.3874345549739,0.0,382,370957.0,0.0,382,370957.0
4870.0,382,0,382,3618,4000,0,399720.0,1046.3874345549739,0.0,382,370967.0,0.0,382,370967.0
4875.0,382,0,382,3618,4000,0,401630.0,1051.3874345549739,0.0,382,370977.0,0.0,382,370977.0
4880.0,382,0,382,3618,4000,0,403540.0,1056.3874345549739,0.0,382,370987.0,0.0,382,370987.0
4885.0,382,0,382,3618,4000,0,405450.0,1061.3874345549739,0.0,382,370997.0,0.0,382,370997.0
4890.0,382,0,382,3618,4000,0,407360.0,1066.3874345549739,0.0,382,371007.0,0.0,382,371007.0
4895.0,382,0,382,3618,4000,0,409270.0,1071.3874345549739,0.0,382,371017.0,0.0,382,371017.0
4900.0,382,0,382,3618,4000,0,411180.0,1076.3874345549739,0.0,382,371027.0,0.0,382,371027.0
4905.0,382,0,382,3618,4000,0,413090.0,1081.3874345549739,0.0,382,371037.0,0.0,382,371037.0
4910.0,382,0,382,3618,4000,0,415000.0,1086.3874345549739,0.0,382,371047.0,0.0,382,371047.0
4915.0,382,0,382,3618,4000,0,416910.0,1091.3874345549739,0.0,382,371057.0,0.0,382,371057.0
4920.0,382,0,382,3618,4000,0,418820.0,1096.3874345549739,0.0,382,371067.0,0.0,382,371067.0
4925.0,382,0,382,3618,4000,0,420730.0,1101.3874345549739,0.0,382,371077.0,0.0,382,371077.0
4930.0,382,0,382,3618,4000,0,422640.0,1106.3874345549739,0.0,382,371087.0,0.0,382,371087.0
4935.0,382,0,382,3618,4000,0,424550.0,1111.3874345549739,0.0,382,371097.0,0.0,382,371097.0
4940.0,382,0,382,3618,4000,0,426460.0,1116.3874345549739,0.0,382,371107.0,0.0,382,371107.0
4945.0,382,0,382,3618,4000,0,428370.0,1121.3874345549739,0.0,382,371117.0,0.0,382,371117.0
4950.0,382,0,382,3618,4000,0,430280.0,1126.3874345549739,0.0,382,371127.0,0.0,382,371127.0
4955.0,382,0,382,3618,4000,0,432190.0,1131.3874345549739,0.0,382,371137.0,0.0,382,371137.0
4960.0,382,0,382,3618,4000,0,434100.0,1136.3874345549739,0.0,382,371147.0,0.0,382,371147.0
4965.0,382,0,382,3618,4000,0,436010.0,1141.3874345549739,0.0,382,371157.0,0.0,382,371157.0
4970.0,382,0,382,3618,4000,0,437920.0,1146.3874345549739,0.0,382,371167.0,0.0,382,371167.0
4975.0,382,0,382,3618,4000,0,439830.0,1151.3874345549739,0.0,382,371177.0,0.0,382,371177.0
4980.0,382,0,382,3618,4000,0,441740.0,1156.3874345549739,0.0,382,371187.0,0.0,382,371187.0
4985.0,382,0,382,3618,4000,0,443650.0,1161.3874345549739,0.0,382,371197.0,0.0,382,371197.0
4990.0,382,0,382,3618,4000,0,445560.0,1166.3874345549739,0.0,382,371206.0,0.0,382,371206.0
4995.0,382,0,382,3618,4000,0,447470.0,1171.3874345549739,0.0,382,371211.0,0.0,382,371211.0
5000.0,382,0,382,3618,4000,0,449380.0,1176.3874345549739,0.0,382,371216.0,0.0,382,371216.0
5005.0,382,0,382,3618,4000,0,451290.0,1181.3874345549739,0.0,382,371221.0,0.0,382,371221.0
5010.0,382,0,382,3618,4000,0,453200.0,1186.3874345549739,0.0,382,371226.0,0.0,382,371226.0
5015.0,382,0,382,3618,4000,0,455110.0,1191.3874345549739,0.0,382,371231.0,0.0,382,371231.0
5020.0,382,0,382,3618,4000,0,457020.0,1196.3874345549739,0.0,382,371236.0,0.0,382,371236.0
5025.0,382,0,382,3618,4000,0,458930.0,1201.3874345549739,0.0,382,371241.0,0.0,382,371241.0
5030.0,382,0,382,3618,4000,0,460840.0,1206.3874345549739,0.0,382,371246.0,0.0,382,371246.0
5035.0,382,0,382,3618,4000,0,462750.0,1211.3874345549739,0.0,382,371251.0,0.0,382,371251.0
5040.0,382,0,382,3618,4000,0,464660.0,1216.3874345549739,0.0,382,371256.0,0.0,382,371256.0
5045.0,382,0,382,3618,4000,0,466570.0,1221.3874345549739,0.0,382,371261.0,0.0,382,371261.0
5050.0,382,0,382,3618,4000,0,468480.0,1226.3874345549739,0.0,382,371266.0,0.0,382,371266.0
5055.0,382,0,382,3618,4000,0,470390.0,1231.3874345549739,0.0,382,371271.0,0.0,382,371271.0
5060.0,382,0,376,3618,4000,0,458602.0,1200.5287958115184,0.013648348287356218,376,371270.0,0.000979757233048514,376,371270.0
5065.0,382,0,354,3618,4000,0,421696.0,1103.916230366492,0.18359958503767812,354,362266.0,0.004843321343208335,354,362266.0
5070.0,382,0,335,3618,4000,0,384229.0,1005.8350785340314,0.38018521973587743,335,362123.0,0.011954732642132006,335,362123.0
5075.0,382,0,331,3618,4000,0,350134.0,916.5811518324607,0.47976572987161553,331,361928.0,0.011531557347031426,331,361928.0
5080.0,382,0,326,3618,4000,0,319456.0,836.2722513089005,0.535107558129578,326,361718.0,0.012177414925046842,326,361718.0
5085.0,382,0,325,3618,4000,0,288418.0,755.020942408377,0.54331731816362,325,361490.0,0.012107560862988115,325,361490.0
5090.0,382,0,323,3618,4000,0,255341.0,668.4319371727748,0.5414224211422733,323,361272.0,0.011996428508579739,323,361272.0
5095.0,382,0,312,3618,4000,0,222251.0,581.8089005235602,0.5509404763810152,312,361079.0,0.012526802086184504,312,361079.0
5100.0,382,0,284,3618,4000,0,192750.0,504.5811518324607,0.7132512555104087,284,351967.0,0.017929890176226506,284,351967.0
5105.0,382,0,274,3618,4000,0,187053.0,489.6675392670157,1.012235041393477,274,344845.0,0.026776486302579353,274,344845.0
5110.0,382,0,282,3618,4000,0,188017.0,492.1910994764398,1.164296412990869,282,343702.0,0.024120825393003677,282,343702.0
5115.0,382,0,292,3618,4000,0,189012.0,494.7958115183246,1.24271095960254,292,343591.0,0.02172379505947654,292,343591.0
5120.0,381,0,299,3619,4000,0,190116.0,498.99212598425197,1.2115487889788106,299,343536.0,0.02031177863341438,299,343536.0
5125.0,378,0,296,3622,4000,0,190284.0,503.3968253968254,1.108796504414766,296,342511.0,0.020599676050039168,296,342511.0
5130.0,375,0,290,3625,4000,0,191353.0,510.2746666666667,1.006636597999085,290,342470.0,0.02006742517472797,290,342470.0
5135.0,372,0,292,3628,4000,0,192538.0,517.5752688172043,0.9243454411285329,292,342413.0,0.020983054060811492,292,342413.0
5140.0,371,0,309,3629,4000,0,194047.0,523.0377358490566,0.8410906146958228,309,342369.0,0.016492326009441803,309,342369.0
5145.0,371,0,328,3629,4000,0,195644.0,527.3423180592991,0.6839501637022269,328,341397.0,0.004142904945698581,328,341397.0
5150.0,371,0,342,3629,4000,0,196365.0,529.2857142857143,0.642796578447128,342,340460.0,0.0012931695753513855,342,340460.0
5155.0,370,0,354,3630,4000,0,198109.0,535.4297297297297,0.5853081667527373,354,340591.0,7.755859247249491e-05,354,340591.0
5160.0,364,0,354,3636,4000,0,199879.0,549.1181318681319,0.3498985836013846,354,340767.0,3.408369522379299e-06,354,340767.0
5165.0,360,0,354,3640,4000,0,201649.0,560.1361111111111,0.20742950190049889,354,340956.0,1.3891105614425565e-07,354,340956.0
5170.0,356,0,354,3644,4000,0,203419.0,571.4016853932584,0.06598215774449868,354,341146.0,7.500203733250615e-08,354,341146.0
5175.0,354,0,354,3646,4000,0,205189.0,579.6299435028249,1.323084544230599e-06,354,341353.0,1.0700329140185962e-07,354,341353.0
5180.0,354,0,354,3646,4000,0,206959.0,584.6299435028249,1.1109085063495794e-06,354,341560.0,7.834975172532099e-08,354,341560.0
5185.0,354,0,354,3646,4000,0,208729.0,589.6299435028249,1.082464804908429e-06,354,341767.0,8.612199580745532e-08,354,341767.0
5190.0,354,0,354,3646,4000,0,210464.0,594.5310734463277,1.784014244834975e-05,354,341934.0,1.4487630249855907e-06,354,341934.0
5195.0,354,0,354,3646,4000,0,211232.0,596.7005649717514,2.8768166340113538e-06,354,341079.0,2.0653052583772412e-07,354,341079.0
5200.0,354,0,354,3646,4000,0,213002.0,601.7005649717514,2.8813788022270415e-07,354,341214.0,2.0116629009511182e-08,354,341214.0
5205.0,354,0,349,3646,4000,0,214285.0,605.3248587570622,0.008902777260404778,349,340365.0,0.0005617625422046735,349,340365.0
5210.0,354,0,325,3646,4000,0,213690.0,603.6440677966102,0.1739666869967178,325,332593.0,0.005734042782331528,325,332593.0
5215.0,354,0,310,3646,4000,0,213330.0,602.6271186440678,0.3467145984934122,310,332540.0,0.011815766635704857,310,332540.0
5220.0,354,0,306,3646,4000,0,213050.0,601.8361581920904,0.44193360073131677,306,332443.0,0.01174845351152206,306,332443.0
5225.0,354,0,301,3646,4000,0,212577.0,600.5,0.48645698572104723,301,332305.0,0.01130654036173115,301,332305.0
5230.0,354,0,298,3646,4000,0,212276.0,599.6497175141243,0.4771126361094813,298,332143.0,0.011479380759682835,298,332143.0
5235.0,354,0,295,3646,4000,0,211894.0,598.5706214689266,0.4872476691029074,295,331957.0,0.011889555343309153,295,331957.0
5240.0,354,0,290,3646,4000,0,211431.0,597.2627118644068,0.4861990914050841,290,331734.0,0.011472175233547849,290,331734.0
5245.0,354,0,306,3646,4000,0,212829.0,601.2118644067797,0.43019456848545884,306,331528.0,0.006823898149649437,306,331528.0
5250.0,354,0,321,3646,4000,0,214399.0,605.6468926553672,0.36112004975703743,321,331385.0,0.0016976674950195975,321,331385.0
5255.0,354,0,338,3646,4000,0,216057.0,610.3305084745763,0.3422011936825138,338,331325.0,0.0003647991507309137,338,331325.0
5260.0,354,0,345,3646,4000,0,217777.0,615.1892655367232,0.33561046185234794,345,330325.0,3.05305125165387e-05,345,330325.0
5265.0,354,0,345,3646,4000,0,218430.0,617.0338983050848,0.3374064323638698,345,330327.0,1.3399437885253353e-05,345,330327.0
5270.0,352,0,345,3648,4000,0,220155.0,625.4403409090909,0.2575505269432682,345,330332.0,1.1069955093488207e-07,345,330332.0
5275.0,348,0,345,3652,4000,0,221880.0,637.5862068965517,0.10428134224204104,345,330337.0,4.911029379877439e-08,345,330337.0
5280.0,345,0,345,3655,4000,0,223605.0,648.1304347826087,4.6632639202347373e-07,345,330342.0,3.233752109471977e-08,345,330342.0
5285.0,345,0,345,3655,4000,0,225330.0,653.1304347826087,0.0,345,330347.0,0.0,345,330347.0
5290.0,345,0,345,3655,4000,0,227055.0,658.1304347826087,0.0,345,330352.0,0.0,345,330352.0
5295.0,345,0,345,3655,4000,0,228780.0,663.1304347826087,4.5400511686157427e-07,345,330357.0,3.699157260496723e-08,345,330357.0
5300.0,345,0,345,3655,4000,0,230505.0,668.1304347826087,0.0,345,330362.0,0.0,345,330362.0
5305.0,345,0,345,3655,4000,0,232230.0,673.1304347826087,0.0,345,330367.0,0.0,345,330367.0
5310.0,345,0,345,3655,4000,0,233955.0,678.1304347826087,0.0,345,330372.0,0.0,345,330372.0
5315.0,345,0,345,3655,4000,0,235680.0,683.1304347826087,0.0,345,330377.0,0.0,345,330377.0
5320.0,345,0,345,3655,4000,0,237405.0,688.1304347826087,0.0,345,330382.0,0.0,345,330382.0
5325.0,345,0,345,3655,4000,0,239130.0,693.1304347826087,0.0,345,330387.0,0.0,345,330387.0
5330.0,345,0,345,3655,4000,0,240855.0,698.1304347826087,0.0,345,330392.0,0.0,345,330392.0
5335.0,345,0,345,3655,4000,0,242580.0,703.1304347826087,0.0,345,330397.0,0.0,345,330397.0
5340.0,345,0,345,3655,4000,0,244305.0,708.1304347826087,0.0,345,330402.0,0.0,345,330402.0
5345.0,345,0,345,3655,4000,0,246030.0,713.1304347826087,0.0,345,330407.0,0.0,345,330407.0
5350.0,345,0,345,3655,4000,0,247755.0,718.1304347826087,0.0,345,330412.0,0.0,345,330412.0
5355.0,345,0,345,3655,4000,0,249480.0,723.1304347826087,0.0,345,330415.0,0.0,345,330415.0
5360.0,345,0,345,3655,4000,0,251205.0,728.1304347826087,0.0,345,330415.0,0.0,345,330415.0
5365.0,345,0,345,3655,4000,0,252930.0,733.1304347826087,5.482050794557479e-07,345,330415.0,3.573993327189067e-08,345,330415.0
5370.0,345,0,345,3655,4000,0,254655.0,738.1304347826087,6.008580717583664e-07,345,330415.0,4.6186547620075055e-08,345,330415.0
5375.0,345,0,345,3655,4000,0,256380.0,743.1304347826087,4.341642262097013e-07,345,330415.0,3.4718786739089635e-08,345,330415.0
5380.0,345,0,345,3655,4000,0,258105.0,748.1304347826087,4.908723343032381e-07,345,330415.0,4.1116906191231446e-08,345,330415.0
5385.0,345,0,345,3655,4000,0,259830.0,753.1304347826087,7.440354285064021e-07,345,330415.0,5.396017482745729e-08,345,330415.0
5390.0,345,0,345,3655,4000,0,261555.0,758.1304347826087,0.0,345,330415.0,0.0,345,330415.0
5395.0,345,0,345,3655,4000,0,263280.0,763.1304347826087,0.0,345,330415.0,0.0,345,330415.0
5400.0,345,0,345,3655,4000,0,265005.0,768.1304347826087,4.03621829728651e-07,345,330415.0,2.925445189237662e-08,345,330415.0
